   1.6902500e-01
   9.2302500e-01
   1.2796500e+00
   3.0661500e+00
   8.0765750e+00
   1.0943350e+01
   1.3370600e+01
   1.5793625e+01
   1.8915150e+01
   1.9622600e+01
   2.1072225e+01
   2.4761175e+01
   2.5392400e+01
   2.8874725e+01
   5.5277600e+01
   6.9028250e+01
   7.1026600e+01
   7.8675575e+01
   8.0907250e+01
   8.6131275e+01
   8.7136825e+01
   9.2293250e+01
   9.3831350e+01
   9.8356150e+01
   9.9191675e+01
   9.9708050e+01
   1.0064753e+02
   1.0189785e+02
   1.1157730e+02
   1.1192930e+02
   1.1250432e+02
   1.1782613e+02
   1.1793408e+02
   1.1811365e+02
   1.1824605e+02
   1.1853567e+02
   1.2664740e+02
   1.2666043e+02
   1.2747050e+02
   1.2782258e+02
   1.2870757e+02
   1.3102437e+02
   1.3102633e+02
   1.3231675e+02
   1.3255280e+02
   1.3292583e+02
   1.3299443e+02
   1.3376205e+02
   1.3587752e+02
   1.4404745e+02
   1.4420798e+02
   1.4458945e+02
   1.4667513e+02
   1.4672335e+02
   1.4836372e+02
   1.4994047e+02
   1.5393265e+02
   1.5705510e+02
   1.6110082e+02
   1.6151705e+02
   1.6186728e+02
   1.6231610e+02
   1.6290168e+02
   1.6384850e+02
   1.6525747e+02
   1.6711120e+02
   1.6822643e+02
   1.6986998e+02
   1.7126775e+02
   1.7200408e+02
   1.7309707e+02
   1.7317925e+02
   1.7342705e+02
   1.7343110e+02
   1.7463727e+02
   1.7602585e+02
   1.7653823e+02
   1.7817677e+02
   1.7916092e+02
   1.8063372e+02
   1.8544555e+02
   1.8706615e+02
   1.8719387e+02
   1.8742870e+02
   1.8884608e+02
   1.8896040e+02
   1.9006113e+02
   1.9031230e+02
   1.9194342e+02
   1.9642138e+02
   1.9765000e+02
   1.9798982e+02
   1.9835673e+02
   1.9928232e+02
   2.0026137e+02
   2.0135195e+02
   2.0346125e+02
   2.0391980e+02
   2.0441725e+02
   2.0454225e+02
   2.0709907e+02
   2.0738065e+02
   2.0747185e+02
   2.0782215e+02
   2.0794860e+02
   2.0879788e+02
   2.0997967e+02
   2.1068465e+02
   2.1274135e+02
   2.1275950e+02
   2.1427725e+02
   2.1439617e+02
   2.1527840e+02
   2.1621502e+02
   2.1777748e+02
   2.1846300e+02
   2.1855183e+02
   2.1931410e+02
   2.1944958e+02
   2.1981235e+02
   2.2021750e+02
   2.2090097e+02
   2.2131987e+02
   2.2168197e+02
   2.2260962e+02
   2.2358197e+02
   2.2666430e+02
   2.2678578e+02
   2.2724728e+02
   2.2732348e+02
   2.2760063e+02
   2.2761703e+02
   2.2772560e+02
   2.3105283e+02
   2.3358065e+02
   2.3372743e+02
   2.3460157e+02
   2.3462463e+02
   2.3547070e+02
   2.3610112e+02
   2.3729545e+02
   2.3815797e+02
   2.3978942e+02
   2.4041708e+02
   2.4044615e+02
   2.4064215e+02
   2.4091372e+02
   2.4098145e+02
   2.4199020e+02
   2.4483025e+02
   2.4574173e+02
   2.4839392e+02
   2.4849270e+02
   2.4880642e+02
   2.4882675e+02
   2.4925678e+02
   2.5311695e+02
   2.5323542e+02
   2.5347785e+02
   2.6153590e+02
   2.6190368e+02
   2.6203247e+02
   2.6239475e+02
   2.6284045e+02
   2.6496652e+02
   2.6557555e+02
   2.6601920e+02
   2.6663457e+02
   2.6957628e+02
   2.7116390e+02
   2.7205108e+02
   2.7219940e+02
   2.7241947e+02
   2.7323708e+02
   2.7585385e+02
   2.7660983e+02
   2.7734875e+02
   2.7748768e+02
   2.7765852e+02
   2.8143630e+02
   2.8246735e+02
   2.8257038e+02
   2.8414418e+02
   2.8707743e+02
   2.8852222e+02
   2.8901700e+02
   2.9019785e+02
   2.9326058e+02
   2.9748933e+02
   2.9796618e+02
   2.9808378e+02
   2.9850567e+02
   2.9933095e+02
   3.0130827e+02
   3.0233010e+02
   3.0305665e+02
   3.0319610e+02
   3.1032590e+02
   3.1042610e+02
   3.1301400e+02
   3.1363957e+02
   3.1420997e+02
   3.1437865e+02
   3.1522300e+02
   3.1617540e+02
   3.1742160e+02
   3.1766062e+02
   3.1846873e+02
   3.1986273e+02
   3.2066990e+02
   3.2142065e+02
   3.2203722e+02
   3.2262147e+02
   3.2302832e+02
   3.2362295e+02
   3.2448295e+02
   3.2683750e+02
   3.2734093e+02
   3.2773375e+02
   3.2832792e+02
   3.2850997e+02
   3.3037635e+02
   3.3381043e+02
   3.3437953e+02
   3.3442188e+02
   3.3473805e+02
   3.3479167e+02
   3.3510520e+02
   3.3603728e+02
   3.3626173e+02
   3.3706900e+02
   3.3845455e+02
   3.3852695e+02
   3.3993102e+02
   3.4096778e+02
   3.4300875e+02
   3.4618358e+02
   3.4629973e+02
   3.4842962e+02
   3.4861138e+02
   3.4985483e+02
   3.5158508e+02
   3.5219840e+02
   3.5280740e+02
   3.5346740e+02
   3.5497370e+02
   3.5591550e+02
   3.5633955e+02
   3.5703407e+02
   3.5985172e+02
   3.6029132e+02
   3.6130863e+02
   3.6283742e+02
   3.6451425e+02
   3.6499068e+02
   3.6555065e+02
   3.6559048e+02
   3.6568637e+02
   3.6792075e+02
   3.6796517e+02
   3.6838513e+02
   3.6867532e+02
   3.7176375e+02
   3.7513322e+02
   3.7577545e+02
   3.7580825e+02
   3.7785192e+02
   3.7795013e+02
   3.7833918e+02
   3.7989017e+02
   3.8068367e+02
   3.8291123e+02
   3.8303120e+02
   3.8309520e+02
   3.8446800e+02
   3.8469140e+02
   3.8540593e+02
   3.8592365e+02
   3.8731872e+02
   3.8767957e+02
   3.8894493e+02
   3.8951387e+02
   3.9091253e+02
   3.9104953e+02
   3.9279573e+02
   3.9383887e+02
   3.9459927e+02
   3.9867615e+02
   3.9902505e+02
   3.9925480e+02
   4.0087243e+02
   4.0102315e+02
   4.0378975e+02
   4.0653998e+02
   4.0694982e+02
   4.1049052e+02
   4.1224110e+02
   4.1363490e+02
   4.1391660e+02
   4.1707432e+02
   4.1722933e+02
   4.1781055e+02
   4.1850175e+02
   4.1860620e+02
   4.1868115e+02
   4.2207820e+02
   4.2735282e+02
   4.2981232e+02
   4.3003365e+02
   4.3248543e+02
   4.4015963e+02
   4.4017262e+02
   4.4481507e+02
   4.4514995e+02
   4.4642675e+02
   4.4714915e+02
   4.4864890e+02
   4.5095135e+02
   4.5148667e+02
   4.5248958e+02
   4.5341498e+02
   4.5640410e+02
   4.5675948e+02
   4.5910690e+02
   4.5999435e+02
   4.6007977e+02
   4.6600635e+02
   4.6661507e+02
   4.6917843e+02
   4.6944777e+02
   4.7020207e+02
   4.7101635e+02
   4.7168957e+02
   4.7170605e+02
   4.7194155e+02
   4.7315022e+02
   4.7763145e+02
   4.7774667e+02
   4.7852817e+02
   4.8048697e+02
   4.8230973e+02
   4.8387853e+02
   4.8639682e+02
   4.8939130e+02
   4.8965225e+02
   4.9102135e+02
   4.9428130e+02
   4.9810672e+02
   5.0029310e+02
   5.0099690e+02
   5.0103983e+02
   5.0637347e+02
   5.0834315e+02
   5.0874653e+02
   5.1215350e+02
   5.1227220e+02
   5.1300240e+02
   5.1384753e+02
   5.1589442e+02
   5.2141300e+02
   5.2146317e+02
   5.2297615e+02
   5.2306540e+02
   5.2403993e+02
   5.2604595e+02
   5.2635348e+02
   5.2654583e+02
   5.3148140e+02
   5.3195827e+02
   5.3378517e+02
   5.3616008e+02
   5.3669192e+02
   5.3755745e+02
   5.3846770e+02
   5.4078990e+02
   5.4309917e+02
   5.4416075e+02
   5.4461338e+02
   5.4809312e+02
   5.5117105e+02
   5.5164960e+02
   5.5243250e+02
   5.5349207e+02
   5.5446092e+02
   5.5457310e+02
   5.5516022e+02
   5.5941130e+02
   5.6429323e+02
   5.6733428e+02
   5.7112510e+02
   5.7209415e+02
   5.7296052e+02
   5.7311317e+02
   5.7455240e+02
   5.7629107e+02
   5.8191110e+02
   5.8357200e+02
   5.8444760e+02
   5.8452480e+02
   5.8510478e+02
   5.8536150e+02
   5.8608165e+02
   5.9310442e+02
   5.9358872e+02
   5.9510865e+02
   5.9515133e+02
   5.9643943e+02
   5.9949885e+02
   6.0002540e+02
   6.0238702e+02
   6.0487042e+02
   6.0535845e+02
   6.0545583e+02
   6.0712005e+02
   6.0756900e+02
   6.0926915e+02
   6.1129192e+02
   6.1321485e+02
   6.1370345e+02
   6.1503930e+02
   6.1663075e+02
   6.1731525e+02
   6.1817765e+02
   6.1862982e+02
   6.2162617e+02
   6.2275563e+02
   6.2395258e+02
   6.2411878e+02
   6.2519692e+02
   6.2709640e+02
   6.2825728e+02
   6.3084715e+02
   6.3096338e+02
   6.3146618e+02
   6.3380170e+02
   6.3439060e+02
   6.3622070e+02
   6.3659125e+02
   6.3687863e+02
   6.3713122e+02
   6.4309007e+02
   6.4343702e+02
   6.4444205e+02
   6.4584000e+02
   6.4627025e+02
   6.4647670e+02
   6.4954048e+02
   6.4969655e+02
   6.5269658e+02
   6.5337432e+02
   6.5487402e+02
   6.5709407e+02
   6.5852242e+02
   6.5969173e+02
   6.6055573e+02
   6.6080880e+02
   6.6199455e+02
   6.6248205e+02
   6.6296060e+02
   6.6368953e+02
   6.6837485e+02
   6.6840067e+02
   6.6927120e+02
   6.7033597e+02
   6.7187932e+02
   6.7279662e+02
   6.7421762e+02
   6.7564535e+02
   6.7582178e+02
   6.7595748e+02
   6.7673037e+02
   6.7683457e+02
   6.7742865e+02
   6.7785535e+02
   6.7871020e+02
   6.7996938e+02
   6.8080535e+02
   6.8189072e+02
   6.8310807e+02
   6.8625300e+02
   6.8633687e+02
   6.9235330e+02
   6.9552403e+02
   6.9731990e+02
   6.9796300e+02
   7.0245300e+02
   7.0249968e+02
   7.0317552e+02
   7.0326852e+02
   7.0378925e+02
   7.0403990e+02
   7.0415830e+02
   7.0678053e+02
   7.0707592e+02
   7.1205420e+02
   7.1281650e+02
   7.1548075e+02
   7.1552075e+02
   7.1621475e+02
   7.1669533e+02
   7.1925470e+02
   7.1942285e+02
   7.2194192e+02
   7.2259267e+02
   7.2334425e+02
   7.2431353e+02
   7.2490785e+02
   7.2585790e+02
   7.2723475e+02
   7.2778470e+02
   7.3123118e+02
   7.3211935e+02
   7.3260280e+02
   7.3459590e+02
   7.3636812e+02
   7.3852215e+02
   7.3899487e+02
   7.3963582e+02
   7.4163165e+02
   7.4262977e+02
   7.4324325e+02
   7.4703662e+02
   7.5011085e+02
   7.5369240e+02
   7.5614288e+02
   7.5652785e+02
   7.5889178e+02
   7.5970450e+02
   7.6191022e+02
   7.6199357e+02
   7.6223280e+02
   7.6233793e+02
   7.6432795e+02
   7.6465008e+02
   7.6831957e+02
   7.7013600e+02
   7.7185433e+02
   7.7272087e+02
   7.7296582e+02
   7.7921073e+02
   7.8058560e+02
   7.8422780e+02
   7.8614935e+02
   7.8813265e+02
   7.8849143e+02
   7.9038125e+02
   7.9098470e+02
   7.9372307e+02
   7.9397968e+02
   7.9504245e+02
   7.9650540e+02
   7.9975460e+02
   8.0031445e+02
   8.0084668e+02
   8.0708518e+02
   8.0928008e+02
   8.1291778e+02
   8.1493448e+02
   8.1953040e+02
   8.2108687e+02
   8.2333130e+02
   8.2530485e+02
   8.2563380e+02
   8.2636838e+02
   8.2742295e+02
   8.2984500e+02
   8.3080085e+02
   8.3330880e+02
   8.3543875e+02
   8.3725335e+02
   8.3830673e+02
   8.3964887e+02
   8.3986212e+02
   8.4051963e+02
   8.4054815e+02
   8.4355135e+02
   8.4502620e+02
   8.4678823e+02
   8.4838285e+02
   8.5111648e+02
   8.5140358e+02
   8.5141842e+02
   8.5150250e+02
   8.5327450e+02
   8.5443330e+02
   8.5521765e+02
   8.5602832e+02
   8.5890690e+02
   8.5951743e+02
   8.6135155e+02
   8.6413437e+02
   8.6918055e+02
   8.7075368e+02
   8.7175008e+02
   8.7354657e+02
   8.7532200e+02
   8.7567325e+02
   8.7639450e+02
   8.7917945e+02
   8.8546012e+02
   8.8761823e+02
   8.9119065e+02
   8.9256718e+02
   8.9383515e+02
   8.9612225e+02
   9.0017162e+02
   9.0095140e+02
   9.0602445e+02
   9.0666305e+02
   9.0838418e+02
   9.1132343e+02
   9.1310528e+02
   9.1594495e+02
   9.1640625e+02
   9.1933213e+02
   9.1972640e+02
   9.2396920e+02
   9.2488075e+02
   9.3400743e+02
   9.3477183e+02
   9.3932718e+02
   9.4080795e+02
   9.4493300e+02
   9.4957407e+02
   9.5137995e+02
   9.6116660e+02
   9.6690427e+02
   9.6837703e+02
   9.7156665e+02
   9.7160438e+02
   9.7244325e+02
   9.7419647e+02
   9.7437435e+02
   9.7524698e+02
   9.7569265e+02
   9.7648267e+02
   9.7861015e+02
   9.8105882e+02
   9.8258563e+02
   9.8499055e+02
   9.8501053e+02
   9.8556263e+02
   9.8762293e+02
   9.8814427e+02
   9.8914553e+02
   9.8947760e+02
   9.9276160e+02
   9.9448300e+02
   9.9534285e+02
   1.0009094e+03
   1.0097409e+03
   1.0121454e+03
   1.0125290e+03
   1.0169169e+03
   1.0174918e+03
   1.0178582e+03
   1.0246100e+03
   1.0258117e+03
   1.0263823e+03
   1.0274729e+03
   1.0290444e+03
   1.0340210e+03
   1.0354112e+03
   1.0359869e+03
   1.0392831e+03
   1.0417062e+03
   1.0443496e+03
   1.0449480e+03
   1.0470043e+03
   1.0499388e+03
   1.0501363e+03
   1.0509214e+03
   1.0521323e+03
   1.0527619e+03
   1.0534892e+03
   1.0562514e+03
   1.0598804e+03
   1.0608709e+03
   1.0617637e+03
   1.0627641e+03
   1.0634468e+03
   1.0641428e+03
   1.0739231e+03
   1.0845404e+03
   1.0847892e+03
   1.0890096e+03
   1.0932450e+03
   1.0942265e+03
   1.0953042e+03
   1.0987862e+03
   1.0995796e+03
   1.1006892e+03
   1.1020462e+03
   1.1105853e+03
   1.1120238e+03
   1.1122771e+03
   1.1134953e+03
   1.1145892e+03
   1.1212795e+03
   1.1220494e+03
   1.1271644e+03
   1.1278955e+03
   1.1311109e+03
   1.1372040e+03
   1.1391461e+03
   1.1422549e+03
   1.1489798e+03
   1.1572320e+03
   1.1576375e+03
   1.1591553e+03
   1.1663273e+03
   1.1737011e+03
   1.1747028e+03
   1.1825250e+03
   1.1827643e+03
   1.1850999e+03
   1.1863079e+03
   1.1883039e+03
   1.1955103e+03
   1.1995446e+03
   1.2010992e+03
   1.2090370e+03
   1.2092881e+03
   1.2119262e+03
   1.2129069e+03
   1.2151078e+03
   1.2164207e+03
   1.2170764e+03
   1.2224089e+03
   1.2225072e+03
   1.2245367e+03
   1.2256946e+03
   1.2271781e+03
   1.2280616e+03
   1.2287876e+03
   1.2298969e+03
   1.2299909e+03
   1.2308588e+03
   1.2330396e+03
   1.2334818e+03
   1.2339586e+03
   1.2352809e+03
   1.2392951e+03
   1.2407538e+03
   1.2417645e+03
   1.2452201e+03
   1.2469957e+03
   1.2482809e+03
   1.2488939e+03
   1.2514421e+03
   1.2544301e+03
   1.2574129e+03
   1.2579764e+03
   1.2585768e+03
   1.2598104e+03
   1.2599648e+03
   1.2633727e+03
   1.2651724e+03
   1.2659846e+03
   1.2661088e+03
   1.2671161e+03
   1.2699067e+03
   1.2702673e+03
   1.2713433e+03
   1.2718465e+03
   1.2748992e+03
   1.2763259e+03
   1.2764611e+03
   1.2803593e+03
   1.2812340e+03
   1.2820521e+03
   1.2828054e+03
   1.2847485e+03
   1.2868443e+03
   1.2873283e+03
   1.2900333e+03
   1.2930968e+03
   1.2954184e+03
   1.2964941e+03
   1.2965962e+03
   1.2978831e+03
   1.2980129e+03
   1.2987396e+03
   1.2994045e+03
   1.3026571e+03
   1.3060234e+03
   1.3062598e+03
   1.3081744e+03
   1.3091246e+03
   1.3099492e+03
   1.3120471e+03
   1.3124686e+03
   1.3138547e+03
   1.3172807e+03
   1.3203044e+03
   1.3264579e+03
   1.3314637e+03
   1.3326503e+03
   1.3362794e+03
   1.3389062e+03
   1.3448249e+03
   1.3458865e+03
   1.3501493e+03
   1.3504631e+03
   1.3516001e+03
   1.3527869e+03
   1.3532523e+03
   1.3557098e+03
   1.3562411e+03
   1.3575687e+03
   1.3589526e+03
   1.3610356e+03
   1.3641916e+03
   1.3650896e+03
   1.3777782e+03
   1.3853951e+03
   1.3869249e+03
   1.3878639e+03
   1.3902082e+03
   1.3915327e+03
   1.3920079e+03
   1.3923999e+03
   1.3976015e+03
   1.4102411e+03
   1.4126689e+03
   1.4133636e+03
   1.4157956e+03
   1.4160641e+03
   1.4184606e+03
   1.4193854e+03
   1.4210315e+03
   1.4225919e+03
   1.4226734e+03
   1.4231153e+03
   1.4252399e+03
   1.4267923e+03
   1.4343546e+03
   1.4444800e+03
   1.4458710e+03
   1.4500584e+03
   1.4503825e+03
   1.4569455e+03
   1.4577595e+03
   1.4653690e+03
   1.4684181e+03
   1.4691210e+03
   1.4719384e+03
   1.4769047e+03
   1.4830685e+03
   1.4876203e+03
   1.4879736e+03
   1.4952481e+03
   1.5022890e+03
   1.5036882e+03
   1.5036978e+03
   1.5049211e+03
   1.5067329e+03
   1.5110970e+03
   1.5131411e+03
   1.5134039e+03
   1.5138992e+03
   1.5182281e+03
   1.5207465e+03
   1.5249415e+03
   1.5276517e+03
   1.5304728e+03
   1.5334125e+03
   1.5343071e+03
   1.5347329e+03
   1.5381018e+03
   1.5398386e+03
   1.5430177e+03
   1.5440478e+03
   1.5457387e+03
   1.5460456e+03
   1.5468711e+03
   1.5484079e+03
   1.5496056e+03
   1.5526945e+03
   1.5534734e+03
   1.5609562e+03
   1.5666781e+03
   1.5690083e+03
   1.5713858e+03
   1.5734483e+03
   1.5785711e+03
   1.5841307e+03
   1.5849215e+03
   1.5857354e+03
   1.5944428e+03
   1.5968112e+03
   1.6181329e+03
   1.6329748e+03
   1.6342005e+03
   1.6498274e+03
   1.6644142e+03
   1.6666246e+03
   1.6774945e+03
   1.6791141e+03
   1.7026382e+03
   1.7083430e+03
   1.7095539e+03
   1.7143014e+03
   1.7152938e+03
   1.7290134e+03
   1.7351107e+03
   1.7453218e+03
   1.7457007e+03
   1.7508825e+03
   1.7525222e+03
   1.7528222e+03
   1.7550648e+03
   1.7560267e+03
   1.7583883e+03
   1.7606897e+03
   1.7656420e+03
   1.7669397e+03
   1.7734062e+03
   1.7810719e+03
   1.7846924e+03
   1.7848311e+03
   1.7850966e+03
   1.7875849e+03
   1.7962118e+03
   1.7975720e+03
   1.8298896e+03
   1.8309493e+03
   1.8411042e+03
   1.8494042e+03
   1.8533633e+03
   1.8555976e+03
   1.8838626e+03
   1.8863129e+03
   1.8892795e+03
   1.8909805e+03
   1.9064951e+03
   1.9082631e+03
   1.9121252e+03
   1.9274181e+03
   1.9274761e+03
   1.9297286e+03
   1.9336882e+03
   1.9380928e+03
   1.9426113e+03
   1.9450110e+03
   1.9452643e+03
   1.9488583e+03
   1.9549952e+03
   1.9694416e+03
   1.9726389e+03
   1.9728571e+03
   1.9840068e+03
   1.9868250e+03
   1.9956387e+03
   2.0004002e+03
   2.0172913e+03
   2.0263472e+03
   2.0281947e+03
   2.0341114e+03
   2.0675179e+03
   2.0678046e+03
   2.0733522e+03
   2.0798924e+03
   2.0857297e+03
   2.0921908e+03
   2.0963292e+03
   2.0980702e+03
   2.1110586e+03
   2.1166259e+03
   2.1359690e+03
   2.1518332e+03
   2.1524374e+03
   2.1602651e+03
   2.1668974e+03
   2.1788225e+03
   2.1843737e+03
   2.1860898e+03
   2.1886327e+03
   2.2013162e+03
   2.2032184e+03
   2.2123941e+03
   2.2170432e+03
   2.2237360e+03
   2.2281681e+03
   2.2304307e+03
   2.2376984e+03
   2.2522891e+03
   2.2596304e+03
   2.2617774e+03
   2.2720545e+03
   2.2730093e+03
   2.2744464e+03
   2.2825140e+03
   2.2831690e+03
   2.3212160e+03
   2.3364249e+03
   2.3431624e+03
   2.3554417e+03
   2.3645047e+03
   2.4052148e+03
   2.4468662e+03
   2.4591728e+03
   2.4714571e+03
   2.4756160e+03
   2.4835076e+03
   2.4863511e+03
   2.4865219e+03
   2.4932044e+03
   2.4936827e+03
   2.4957288e+03
   2.5098256e+03
   2.5217011e+03
   2.5326091e+03
   2.5401746e+03
   2.5420043e+03
   2.5498490e+03
   2.5733640e+03
   2.5796478e+03
   2.5983468e+03
   2.6089987e+03
   2.6122679e+03
   2.6483610e+03
   2.6641250e+03
   2.6670892e+03
   2.6703743e+03
   2.6714538e+03
   2.6738554e+03
   2.6833436e+03
   2.6944298e+03
   2.6948457e+03
   2.7051163e+03
   2.7271022e+03
   2.7384479e+03
   2.7423639e+03
   2.7550742e+03
   2.7574313e+03
   2.7624836e+03
   2.7710561e+03
   2.7924561e+03
   2.8090016e+03
   2.8313909e+03
   2.8341770e+03
   2.8563410e+03
   2.8563651e+03
   2.8564716e+03
   2.8585472e+03
   2.8609915e+03
   2.8664898e+03
   2.9088524e+03
   2.9121214e+03
   2.9141670e+03
   2.9403488e+03
   2.9530568e+03
   2.9669247e+03
   2.9793707e+03
   2.9830844e+03
   2.9868059e+03
   3.0143086e+03
   3.0365684e+03
   3.1213580e+03
   3.1277364e+03
   3.1468102e+03
   3.1796329e+03
   3.2001837e+03
   3.2055882e+03
   3.2227539e+03
   3.2247726e+03
   3.2341344e+03
   3.2486211e+03
   3.2489062e+03
   3.2507691e+03
   3.2550830e+03
   3.2758101e+03
   3.2829859e+03
   3.3178310e+03
   3.3491200e+03
   3.4289282e+03
   3.4447267e+03
   3.4700941e+03
   3.4812872e+03
   3.5097874e+03
   3.5141998e+03
   3.5193141e+03
