   2.3867500e-01
   1.4718000e+00
   3.2237750e+00
   4.7028750e+00
   5.0237500e+00
   6.3897500e+00
   6.8418750e+00
   8.2778000e+00
   8.6622000e+00
   9.0186500e+00
   9.4091750e+00
   9.9522500e+00
   1.0330325e+01
   1.0787600e+01
   1.4636325e+01
   1.4762475e+01
   1.5967550e+01
   1.6094650e+01
   1.6817100e+01
   1.6914675e+01
   1.7487800e+01
   1.7641125e+01
   1.7658925e+01
   1.8280775e+01
   2.0196850e+01
   2.0781050e+01
   2.2063550e+01
   2.2312725e+01
   2.2747750e+01
   2.3190400e+01
   2.6631550e+01
   2.6879975e+01
   2.7478775e+01
   2.7490225e+01
   2.7747625e+01
   2.8069025e+01
   2.8313650e+01
   2.8462125e+01
   2.8678100e+01
   2.8863025e+01
   2.9372200e+01
   3.0473275e+01
   3.1048150e+01
   3.1974050e+01
   3.2017125e+01
   3.2229175e+01
   3.2865150e+01
   3.3060725e+01
   3.3339125e+01
   3.4191900e+01
   3.4221725e+01
   3.4365100e+01
   3.4433250e+01
   3.6359225e+01
   3.6578925e+01
   3.6794425e+01
   3.6978725e+01
   3.7482175e+01
   3.9658050e+01
   3.9748675e+01
   4.0386600e+01
   4.0628700e+01
   4.0907025e+01
   4.2468500e+01
   4.3614525e+01
   4.3715450e+01
   4.4418200e+01
   4.4884125e+01
   4.5446000e+01
   4.5475050e+01
   4.5575225e+01
   4.6196425e+01
   4.6219200e+01
   4.6505275e+01
   4.7051375e+01
   4.8233075e+01
   4.8405200e+01
   4.8741175e+01
   4.8864600e+01
   4.8936000e+01
   4.9204875e+01
   4.9409525e+01
   4.9470675e+01
   4.9746425e+01
   4.9973650e+01
   5.0487800e+01
   5.0757900e+01
   5.2686500e+01
   5.3537475e+01
   5.3763325e+01
   5.4112550e+01
   5.5315650e+01
   5.6551975e+01
   5.6696475e+01
   5.6886650e+01
   5.8094175e+01
   5.8587175e+01
   5.8637350e+01
   5.9101100e+01
   5.9311200e+01
   5.9346275e+01
   6.1196475e+01
   6.1994750e+01
   6.3397150e+01
   6.3683775e+01
   6.3755400e+01
   6.3848300e+01
   6.3954975e+01
   6.4647975e+01
   6.4760000e+01
   6.5248875e+01
   6.5365300e+01
   6.6709525e+01
   6.7039900e+01
   6.7785725e+01
   6.8483475e+01
   6.8631375e+01
   6.8765425e+01
   6.9582675e+01
   7.0222250e+01
   7.0301600e+01
   7.0324175e+01
   7.1577525e+01
   7.3398725e+01
   7.3485525e+01
   7.3732900e+01
   7.3908175e+01
   7.4147650e+01
   7.4472700e+01
   7.4707700e+01
   7.4767000e+01
   7.4810250e+01
   7.4843750e+01
   7.4961125e+01
   7.5419350e+01
   7.6278525e+01
   7.6379025e+01
   7.6404875e+01
   7.6728975e+01
   7.6969825e+01
   7.7274675e+01
   7.8006425e+01
   7.8226050e+01
   7.9691700e+01
   7.9760650e+01
   8.0609150e+01
   8.0735450e+01
   8.2116550e+01
   8.2140600e+01
   8.2198625e+01
   8.2517450e+01
   8.3008150e+01
   8.3211300e+01
   8.3242050e+01
   8.3653600e+01
   8.5429950e+01
   8.5596200e+01
   8.5614000e+01
   8.6613650e+01
   8.6894875e+01
   8.7061225e+01
   8.7440625e+01
   8.8974250e+01
   8.9088275e+01
   8.9377750e+01
   9.1376775e+01
   9.2490950e+01
   9.2619800e+01
   9.3000100e+01
   9.3678300e+01
   9.3782900e+01
   9.4287150e+01
   9.5660525e+01
   9.6098050e+01
   9.6545425e+01
   9.6635075e+01
   9.6733000e+01
   9.7507450e+01
   9.7825725e+01
   9.9387425e+01
   1.0099322e+02
   1.0156817e+02
   1.0299215e+02
   1.0367160e+02
   1.0428078e+02
   1.0492678e+02
   1.0522232e+02
   1.0525113e+02
   1.0811600e+02
   1.0910360e+02
   1.0926130e+02
   1.0927433e+02
   1.0947088e+02
   1.0990027e+02
   1.0999528e+02
   1.1005590e+02
   1.1022792e+02
   1.1031470e+02
   1.1041715e+02
   1.1081640e+02
   1.1113305e+02
   1.1131585e+02
   1.1145030e+02
   1.1202335e+02
   1.1281982e+02
   1.1288720e+02
   1.1332490e+02
   1.1334040e+02
   1.1383352e+02
   1.1422060e+02
   1.1422515e+02
   1.1449147e+02
   1.1471528e+02
   1.1513995e+02
   1.1577168e+02
   1.1596475e+02
   1.1599768e+02
   1.1688723e+02
   1.1697633e+02
   1.1722455e+02
   1.1794420e+02
   1.1821470e+02
   1.1909722e+02
   1.1916105e+02
   1.1922885e+02
   1.1935445e+02
   1.1990490e+02
   1.2059068e+02
   1.2064175e+02
   1.2086338e+02
   1.2108813e+02
   1.2118185e+02
   1.2176712e+02
   1.2192080e+02
   1.2204412e+02
   1.2244522e+02
   1.2269043e+02
   1.2352112e+02
   1.2363972e+02
   1.2368905e+02
   1.2489708e+02
   1.2521993e+02
   1.2525025e+02
   1.2687608e+02
   1.2705055e+02
   1.2713475e+02
   1.2724900e+02
   1.2754440e+02
   1.2759225e+02
   1.2810843e+02
   1.2851173e+02
   1.2908218e+02
   1.2967177e+02
   1.2994098e+02
   1.2998118e+02
   1.3081952e+02
   1.3095720e+02
   1.3120667e+02
   1.3152675e+02
   1.3163505e+02
   1.3168655e+02
   1.3242102e+02
   1.3242443e+02
   1.3387893e+02
   1.3422185e+02
   1.3457137e+02
   1.3459240e+02
   1.3540973e+02
   1.3575938e+02
   1.3598222e+02
   1.3631280e+02
   1.3747018e+02
   1.3875930e+02
   1.3876530e+02
   1.3910997e+02
   1.3926923e+02
   1.3978520e+02
   1.4048565e+02
   1.4075223e+02
   1.4164545e+02
   1.4171905e+02
   1.4197210e+02
   1.4217212e+02
   1.4268330e+02
   1.4326562e+02
   1.4336040e+02
   1.4347913e+02
   1.4354602e+02
   1.4367028e+02
   1.4457250e+02
   1.4462328e+02
   1.4490740e+02
   1.4506877e+02
   1.4556015e+02
   1.4598747e+02
   1.4658015e+02
   1.4673180e+02
   1.4697002e+02
   1.4707380e+02
   1.4739095e+02
   1.4744560e+02
   1.4772078e+02
   1.4790568e+02
   1.4820302e+02
   1.4838065e+02
   1.4848275e+02
   1.4948655e+02
   1.5010960e+02
   1.5023007e+02
   1.5031512e+02
   1.5110993e+02
   1.5197743e+02
   1.5225675e+02
   1.5324762e+02
   1.5335495e+02
   1.5379622e+02
   1.5385493e+02
   1.5442697e+02
   1.5445282e+02
   1.5456325e+02
   1.5487617e+02
   1.5498610e+02
   1.5508260e+02
   1.5515285e+02
   1.5530273e+02
   1.5559998e+02
   1.5675078e+02
   1.5697765e+02
   1.5714000e+02
   1.5730240e+02
   1.5870265e+02
   1.5944127e+02
   1.5978670e+02
   1.5986972e+02
   1.5987377e+02
   1.6004898e+02
   1.6044465e+02
   1.6075907e+02
   1.6079045e+02
   1.6084835e+02
   1.6119272e+02
   1.6169670e+02
   1.6197672e+02
   1.6308142e+02
   1.6327728e+02
   1.6565398e+02
   1.6609172e+02
   1.6624322e+02
   1.6658087e+02
   1.6751603e+02
   1.6791645e+02
   1.6801382e+02
   1.6805505e+02
   1.6822250e+02
   1.6876313e+02
   1.6926630e+02
   1.7042263e+02
   1.7052905e+02
   1.7157327e+02
   1.7175075e+02
   1.7205412e+02
   1.7251677e+02
   1.7313102e+02
   1.7335385e+02
   1.7384385e+02
   1.7419008e+02
   1.7437380e+02
   1.7444268e+02
   1.7455140e+02
   1.7459242e+02
   1.7469760e+02
   1.7514362e+02
   1.7537420e+02
   1.7553915e+02
   1.7592032e+02
   1.7711165e+02
   1.7790900e+02
   1.7847865e+02
   1.7880027e+02
   1.8042988e+02
   1.8076410e+02
   1.8113155e+02
   1.8226795e+02
   1.8228365e+02
   1.8235487e+02
   1.8244178e+02
   1.8306993e+02
   1.8387415e+02
   1.8388598e+02
   1.8407518e+02
   1.8432855e+02
   1.8571232e+02
   1.8577492e+02
   1.8609050e+02
   1.8662197e+02
   1.8743780e+02
   1.8783163e+02
   1.8794645e+02
   1.8802507e+02
   1.8909550e+02
   1.8920430e+02
   1.8964822e+02
   1.9019265e+02
   1.9116403e+02
   1.9127600e+02
   1.9193152e+02
   1.9287565e+02
   1.9333510e+02
   1.9390947e+02
   1.9400188e+02
   1.9414770e+02
   1.9460390e+02
   1.9471335e+02
   1.9682800e+02
   1.9731495e+02
   1.9862140e+02
   1.9902465e+02
   1.9908277e+02
   1.9927638e+02
   1.9938170e+02
   1.9959268e+02
   2.0006940e+02
   2.0056410e+02
   2.0058568e+02
   2.0110077e+02
   2.0155388e+02
   2.0215353e+02
   2.0259062e+02
   2.0314000e+02
   2.0327230e+02
   2.0375573e+02
   2.0395593e+02
   2.0471228e+02
   2.0483755e+02
   2.0554628e+02
   2.0619390e+02
   2.0661875e+02
   2.0703250e+02
   2.0760063e+02
   2.0764777e+02
   2.0869278e+02
   2.0879990e+02
   2.1113275e+02
   2.1122362e+02
   2.1172147e+02
   2.1195372e+02
   2.1227590e+02
   2.1304802e+02
   2.1315072e+02
   2.1342305e+02
   2.1353635e+02
   2.1353848e+02
   2.1375238e+02
   2.1387897e+02
   2.1425530e+02
   2.1454775e+02
   2.1519275e+02
   2.1523423e+02
   2.1541133e+02
   2.1619072e+02
   2.1635448e+02
   2.1684537e+02
   2.1692590e+02
   2.1745450e+02
   2.1807387e+02
   2.1875993e+02
   2.1902367e+02
   2.1931470e+02
   2.1994245e+02
   2.2061800e+02
   2.2089770e+02
   2.2114885e+02
   2.2132557e+02
   2.2208790e+02
   2.2242395e+02
   2.2279458e+02
   2.2291512e+02
   2.2297575e+02
   2.2323917e+02
   2.2433112e+02
   2.2434975e+02
   2.2661447e+02
   2.2672272e+02
   2.2798837e+02
   2.2810955e+02
   2.2855347e+02
   2.2965353e+02
   2.3222072e+02
   2.3260598e+02
   2.3277838e+02
   2.3307355e+02
   2.3355390e+02
   2.3424283e+02
   2.3481815e+02
   2.3493475e+02
   2.3529083e+02
   2.3619987e+02
   2.3700085e+02
   2.3742070e+02
   2.3764250e+02
   2.3803950e+02
   2.3823028e+02
   2.3829480e+02
   2.3856367e+02
   2.3881925e+02
   2.3902580e+02
   2.3956668e+02
   2.3999418e+02
   2.4053762e+02
   2.4098822e+02
   2.4191102e+02
   2.4293190e+02
   2.4370805e+02
   2.4431442e+02
   2.4433010e+02
   2.4453782e+02
   2.4544755e+02
   2.4564957e+02
   2.4654500e+02
   2.4681120e+02
   2.4732240e+02
   2.4778743e+02
   2.4923677e+02
   2.4987602e+02
   2.5017333e+02
   2.5044790e+02
   2.5079650e+02
   2.5088755e+02
   2.5091332e+02
   2.5280627e+02
   2.5340335e+02
   2.5366663e+02
   2.5410825e+02
   2.5480515e+02
   2.5546087e+02
   2.5690270e+02
   2.5694870e+02
   2.5710115e+02
   2.5770425e+02
   2.5791260e+02
   2.5801983e+02
   2.5836080e+02
   2.5859972e+02
   2.5872800e+02
   2.5908317e+02
   2.5938265e+02
   2.6011155e+02
   2.6049068e+02
   2.6055870e+02
   2.6081685e+02
   2.6130077e+02
   2.6214797e+02
   2.6327938e+02
   2.6399330e+02
   2.6455850e+02
   2.6551610e+02
   2.6605225e+02
   2.6618415e+02
   2.6670240e+02
   2.6690815e+02
   2.6707375e+02
   2.6775158e+02
   2.6783412e+02
   2.6808310e+02
   2.6825148e+02
   2.6830082e+02
   2.6862365e+02
   2.6897397e+02
   2.7035840e+02
   2.7045752e+02
   2.7074748e+02
   2.7245410e+02
   2.7250625e+02
   2.7260318e+02
   2.7271918e+02
   2.7289243e+02
   2.7296767e+02
   2.7305845e+02
   2.7409015e+02
   2.7436225e+02
   2.7525140e+02
   2.7637507e+02
   2.7688855e+02
   2.7755883e+02
   2.7792183e+02
   2.7796242e+02
   2.7820607e+02
   2.7843020e+02
   2.7858472e+02
   2.7873203e+02
   2.7927910e+02
   2.7980345e+02
   2.8067405e+02
   2.8075538e+02
   2.8098150e+02
   2.8312962e+02
   2.8323730e+02
   2.8360733e+02
   2.8382375e+02
   2.8385460e+02
   2.8514560e+02
   2.8552690e+02
   2.8673975e+02
   2.8689132e+02
   2.8708170e+02
   2.8774592e+02
   2.8796780e+02
   2.8812293e+02
   2.8854053e+02
   2.8869430e+02
   2.8874365e+02
   2.8911097e+02
   2.8953537e+02
   2.8983710e+02
   2.9029250e+02
   2.9036152e+02
   2.9045605e+02
   2.9068462e+02
   2.9089850e+02
   2.9118220e+02
   2.9123498e+02
   2.9137880e+02
   2.9153307e+02
   2.9205050e+02
   2.9258682e+02
   2.9281487e+02
   2.9315172e+02
   2.9329703e+02
   2.9369437e+02
   2.9403467e+02
   2.9451625e+02
   2.9527137e+02
   2.9532390e+02
   2.9550865e+02
   2.9552898e+02
   2.9570312e+02
   2.9572773e+02
   2.9580565e+02
   2.9596253e+02
   2.9608945e+02
   2.9675830e+02
   2.9742807e+02
   2.9743397e+02
   2.9748582e+02
   2.9749763e+02
   2.9842347e+02
   2.9875007e+02
   2.9897553e+02
   2.9902980e+02
   2.9972610e+02
   3.0052062e+02
   3.0149223e+02
   3.0199088e+02
   3.0257715e+02
   3.0282482e+02
   3.0310598e+02
   3.0320150e+02
   3.0377190e+02
   3.0396635e+02
   3.0426797e+02
   3.0444493e+02
   3.0502640e+02
   3.0504562e+02
   3.0567415e+02
   3.0581720e+02
   3.0668162e+02
   3.0670385e+02
   3.0692460e+02
   3.0762257e+02
   3.0784233e+02
   3.0850712e+02
   3.0965950e+02
   3.1034290e+02
   3.1071355e+02
   3.1095983e+02
   3.1120650e+02
   3.1164110e+02
   3.1211377e+02
   3.1234245e+02
   3.1257810e+02
   3.1277715e+02
   3.1460093e+02
   3.1529910e+02
   3.1536030e+02
   3.1577450e+02
   3.1594473e+02
   3.1640137e+02
   3.1645355e+02
   3.1678848e+02
   3.1688745e+02
   3.1716625e+02
   3.1765510e+02
   3.1767633e+02
   3.1781372e+02
   3.1863070e+02
   3.2009155e+02
   3.2066487e+02
   3.2074037e+02
   3.2142055e+02
   3.2154787e+02
   3.2175230e+02
   3.2189210e+02
   3.2233193e+02
   3.2235620e+02
   3.2240050e+02
   3.2251367e+02
   3.2348620e+02
   3.2362218e+02
   3.2389862e+02
   3.2452860e+02
   3.2504735e+02
   3.2513738e+02
   3.2550592e+02
   3.2614765e+02
   3.2654345e+02
   3.2665702e+02
   3.2667903e+02
   3.2676500e+02
   3.2703465e+02
   3.2731370e+02
   3.2766363e+02
   3.2803830e+02
   3.2882500e+02
   3.2895607e+02
   3.2907175e+02
   3.2914530e+02
   3.2923695e+02
   3.2981232e+02
   3.3035372e+02
   3.3143040e+02
   3.3164645e+02
   3.3210020e+02
   3.3280610e+02
   3.3328945e+02
   3.3397400e+02
   3.3429950e+02
   3.3499110e+02
   3.3533398e+02
   3.3558335e+02
   3.3620600e+02
   3.3642170e+02
   3.3790435e+02
   3.3792618e+02
   3.3885410e+02
   3.3960672e+02
   3.3993232e+02
   3.4033300e+02
   3.4063317e+02
   3.4085465e+02
   3.4104705e+02
   3.4117787e+02
   3.4140373e+02
   3.4150457e+02
   3.4160397e+02
   3.4162282e+02
   3.4178692e+02
   3.4191803e+02
   3.4311880e+02
   3.4352440e+02
   3.4387218e+02
   3.4390062e+02
   3.4481905e+02
   3.4528377e+02
   3.4568820e+02
   3.4656615e+02
   3.4726470e+02
   3.4739485e+02
   3.4794083e+02
   3.4873030e+02
   3.4879287e+02
   3.4897938e+02
   3.4903215e+02
   3.4912495e+02
   3.4984450e+02
   3.5020720e+02
   3.5143122e+02
   3.5169435e+02
   3.5179348e+02
   3.5183517e+02
   3.5255980e+02
   3.5303362e+02
   3.5332337e+02
   3.5405645e+02
   3.5408515e+02
   3.5437347e+02
   3.5498122e+02
   3.5508222e+02
   3.5540263e+02
   3.5599430e+02
   3.5621323e+02
   3.5637530e+02
   3.5649600e+02
   3.5658357e+02
   3.5705355e+02
   3.5837737e+02
   3.5848455e+02
   3.5913063e+02
   3.5969260e+02
   3.6008180e+02
   3.6077565e+02
   3.6105890e+02
   3.6120258e+02
   3.6197852e+02
   3.6246803e+02
   3.6256970e+02
   3.6289832e+02
   3.6350740e+02
   3.6357710e+02
   3.6365075e+02
   3.6374235e+02
   3.6385062e+02
   3.6409413e+02
   3.6432213e+02
   3.6453560e+02
   3.6471267e+02
   3.6476178e+02
   3.6480917e+02
   3.6496595e+02
   3.6518255e+02
   3.6534350e+02
   3.6544675e+02
   3.6625295e+02
   3.6640638e+02
   3.6660010e+02
   3.6741627e+02
   3.6755765e+02
   3.6784832e+02
   3.6831957e+02
   3.6937883e+02
   3.6986620e+02
   3.7035070e+02
   3.7037035e+02
   3.7064335e+02
   3.7101392e+02
   3.7171655e+02
   3.7197242e+02
   3.7267315e+02
   3.7273262e+02
   3.7303992e+02
   3.7383505e+02
   3.7425977e+02
   3.7479697e+02
   3.7522740e+02
   3.7546103e+02
   3.7570645e+02
   3.7693917e+02
   3.7828258e+02
   3.7850162e+02
   3.7898670e+02
   3.7978343e+02
   3.8046958e+02
   3.8088325e+02
   3.8212115e+02
   3.8252025e+02
   3.8263940e+02
   3.8340865e+02
   3.8356915e+02
   3.8435645e+02
   3.8511835e+02
   3.8531487e+02
   3.8586115e+02
   3.8592048e+02
   3.8655195e+02
   3.8662825e+02
   3.8723725e+02
   3.8775080e+02
   3.8782935e+02
   3.8874298e+02
   3.8878328e+02
   3.8891070e+02
   3.8893295e+02
   3.8899153e+02
   3.8942138e+02
   3.8952537e+02
   3.9077083e+02
   3.9176890e+02
   3.9195330e+02
   3.9361653e+02
   3.9484260e+02
   3.9524720e+02
   3.9548350e+02
   3.9680068e+02
   3.9721660e+02
   3.9724210e+02
   3.9796520e+02
   3.9815730e+02
   3.9825215e+02
   3.9911260e+02
   4.0004947e+02
   4.0019952e+02
   4.0152285e+02
   4.0347650e+02
   4.0489117e+02
   4.0518300e+02
   4.0595045e+02
   4.0652295e+02
   4.0706468e+02
   4.0712487e+02
   4.0791292e+02
   4.0831173e+02
   4.0832727e+02
   4.0870952e+02
   4.0881420e+02
   4.0896182e+02
   4.0994070e+02
   4.1062637e+02
   4.1135135e+02
   4.1207353e+02
   4.1411293e+02
   4.1509132e+02
   4.1534843e+02
   4.1537932e+02
   4.1591085e+02
   4.1657308e+02
   4.1674088e+02
   4.1694260e+02
   4.1723735e+02
   4.1743910e+02
   4.1746868e+02
   4.1752940e+02
   4.1832468e+02
   4.1899325e+02
   4.2068228e+02
   4.2076653e+02
   4.2187068e+02
   4.2295472e+02
   4.2360625e+02
   4.2519015e+02
   4.2558632e+02
   4.2563480e+02
   4.2569462e+02
   4.2572180e+02
   4.2644238e+02
   4.2653495e+02
   4.2720788e+02
   4.2754285e+02
   4.2910703e+02
   4.2917577e+02
   4.2976555e+02
   4.2995825e+02
   4.3273363e+02
   4.3312120e+02
   4.3376902e+02
   4.3409317e+02
   4.3535425e+02
   4.3614010e+02
   4.3624760e+02
   4.3642453e+02
   4.3665825e+02
   4.3684537e+02
   4.3749980e+02
   4.3968588e+02
   4.4001493e+02
   4.4021685e+02
   4.4024302e+02
   4.4087797e+02
   4.4221807e+02
   4.4231473e+02
   4.4252488e+02
   4.4323487e+02
   4.4345362e+02
   4.4501450e+02
   4.4593925e+02
   4.4815202e+02
   4.4847213e+02
   4.4989080e+02
   4.4992985e+02
   4.4997557e+02
   4.5015075e+02
   4.5136813e+02
   4.5160825e+02
   4.5200903e+02
   4.5205195e+02
   4.5299550e+02
   4.5302710e+02
   4.5336908e+02
   4.5399270e+02
   4.5452967e+02
   4.5572130e+02
   4.5618232e+02
   4.5622902e+02
   4.5654823e+02
   4.5846920e+02
   4.5899793e+02
   4.5966555e+02
   4.5974450e+02
   4.6077922e+02
   4.6088590e+02
   4.6152415e+02
   4.6170930e+02
   4.6178722e+02
   4.6209710e+02
   4.6294780e+02
   4.6329235e+02
   4.6355075e+02
   4.6381588e+02
   4.6387397e+02
   4.6513120e+02
   4.6528373e+02
   4.6549122e+02
   4.6656500e+02
   4.6755813e+02
   4.7040980e+02
   4.7083087e+02
   4.7108328e+02
   4.7273343e+02
   4.7302610e+02
   4.7304807e+02
   4.7379960e+02
   4.7391585e+02
   4.7417360e+02
   4.7555510e+02
   4.7603780e+02
   4.7723312e+02
   4.7779280e+02
   4.7792145e+02
   4.7829987e+02
   4.7976232e+02
   4.8032800e+02
   4.8047815e+02
   4.8231977e+02
   4.8241740e+02
   4.8304915e+02
   4.8331443e+02
   4.8336937e+02
   4.8389565e+02
   4.8458098e+02
   4.8465402e+02
   4.8468532e+02
   4.8477292e+02
   4.8587968e+02
   4.8657835e+02
   4.8677460e+02
   4.8791615e+02
   4.8887117e+02
   4.8943187e+02
   4.9015335e+02
   4.9081858e+02
   4.9113288e+02
   4.9165073e+02
   4.9228672e+02
   4.9232420e+02
   4.9264297e+02
   4.9267073e+02
   4.9281113e+02
   4.9449045e+02
   4.9520600e+02
   4.9592678e+02
   4.9674645e+02
   4.9811703e+02
   4.9813682e+02
   4.9945553e+02
   4.9990893e+02
   5.0067093e+02
   5.0093915e+02
   5.0199658e+02
   5.0258062e+02
   5.0287415e+02
   5.0403112e+02
   5.0435900e+02
   5.0497082e+02
   5.0503480e+02
   5.0513353e+02
   5.0518335e+02
   5.0549465e+02
   5.0594190e+02
   5.0594308e+02
   5.0637855e+02
   5.1113025e+02
   5.1240875e+02
   5.1272435e+02
   5.1444523e+02
   5.1476773e+02
   5.1511105e+02
   5.1538020e+02
   5.1552725e+02
   5.1706220e+02
   5.1765292e+02
   5.1770033e+02
   5.1978102e+02
   5.2079728e+02
   5.2107100e+02
   5.2119388e+02
   5.2119535e+02
   5.2183052e+02
   5.2200660e+02
   5.2204593e+02
   5.2235208e+02
   5.2249942e+02
   5.2272200e+02
   5.2302662e+02
   5.2345997e+02
   5.2375865e+02
   5.2470462e+02
   5.2560812e+02
   5.2589588e+02
   5.2622565e+02
   5.2630020e+02
   5.2707917e+02
   5.2769943e+02
   5.2822685e+02
   5.2949797e+02
   5.2963730e+02
   5.3042393e+02
   5.3107607e+02
   5.3157425e+02
   5.3164503e+02
   5.3246907e+02
   5.3257475e+02
   5.3271625e+02
   5.3297078e+02
   5.3303645e+02
   5.3312375e+02
   5.3322013e+02
   5.3334587e+02
   5.3382613e+02
   5.3404358e+02
   5.3424783e+02
   5.3490400e+02
   5.3546317e+02
   5.3551420e+02
   5.3555100e+02
   5.3566948e+02
   5.3569865e+02
   5.3624182e+02
   5.3686392e+02
   5.3775363e+02
   5.3876985e+02
   5.3959957e+02
   5.3992365e+02
   5.4011952e+02
   5.4050868e+02
   5.4077897e+02
   5.4166858e+02
   5.4175720e+02
   5.4176845e+02
   5.4297530e+02
   5.4306035e+02
   5.4348785e+02
   5.4357335e+02
   5.4377238e+02
   5.4404525e+02
   5.4416040e+02
   5.4462575e+02
   5.4648260e+02
   5.4682628e+02
   5.4727517e+02
   5.4732943e+02
   5.4764887e+02
   5.4819313e+02
   5.4819483e+02
   5.4856337e+02
   5.4963572e+02
   5.4978445e+02
   5.4979200e+02
   5.5007753e+02
   5.5062745e+02
   5.5074620e+02
   5.5085802e+02
   5.5137108e+02
   5.5183465e+02
   5.5272992e+02
   5.5323515e+02
   5.5328840e+02
   5.5493930e+02
   5.5574895e+02
   5.5594407e+02
   5.5623015e+02
   5.5625593e+02
   5.5969365e+02
   5.6002262e+02
   5.6097307e+02
   5.6123793e+02
   5.6129323e+02
   5.6180610e+02
   5.6189335e+02
   5.6220030e+02
   5.6270740e+02
   5.6290645e+02
   5.6425368e+02
   5.6486008e+02
   5.6519078e+02
   5.6524473e+02
   5.6529525e+02
   5.6549385e+02
   5.6553467e+02
   5.6585267e+02
   5.6620403e+02
   5.6667872e+02
   5.6785303e+02
   5.6819330e+02
   5.6855393e+02
   5.6867422e+02
   5.6920675e+02
   5.6996433e+02
   5.7032898e+02
   5.7097732e+02
   5.7179022e+02
   5.7197987e+02
   5.7253437e+02
   5.7282867e+02
   5.7638582e+02
   5.7644120e+02
   5.7673345e+02
   5.7753247e+02
   5.7805355e+02
   5.7936050e+02
   5.7949950e+02
   5.7976167e+02
   5.8068385e+02
   5.8118652e+02
   5.8144023e+02
   5.8310802e+02
   5.8338030e+02
   5.8386923e+02
   5.8427197e+02
   5.8435483e+02
   5.8448070e+02
   5.8583528e+02
   5.8714757e+02
   5.8828025e+02
   5.8884120e+02
   5.8969113e+02
   5.9039617e+02
   5.9073688e+02
   5.9117460e+02
   5.9142130e+02
   5.9169478e+02
   5.9185345e+02
   5.9186985e+02
   5.9233910e+02
   5.9285547e+02
   5.9311632e+02
   5.9439395e+02
   5.9514185e+02
   5.9678100e+02
   5.9680848e+02
   5.9707970e+02
   5.9764122e+02
   5.9795055e+02
   5.9806393e+02
   6.0201127e+02
   6.0217650e+02
   6.0329003e+02
   6.0349945e+02
   6.0365683e+02
   6.0378382e+02
   6.0432113e+02
   6.0504787e+02
   6.0522835e+02
   6.0600925e+02
   6.0607810e+02
   6.0620428e+02
   6.0627870e+02
   6.0642477e+02
   6.0745848e+02
   6.0787980e+02
   6.0814178e+02
   6.0837887e+02
   6.0845430e+02
   6.0963030e+02
   6.1028368e+02
   6.1114360e+02
   6.1134695e+02
   6.1136685e+02
   6.1210738e+02
   6.1251300e+02
   6.1281555e+02
   6.1281940e+02
   6.1306633e+02
   6.1347288e+02
   6.1410280e+02
   6.1481157e+02
   6.1499158e+02
   6.1793410e+02
   6.1800722e+02
   6.1869493e+02
   6.1915980e+02
   6.1937622e+02
   6.2007930e+02
   6.2030390e+02
   6.2108353e+02
   6.2112370e+02
   6.2205668e+02
   6.2226170e+02
   6.2426537e+02
   6.2457888e+02
   6.2583518e+02
   6.2645628e+02
   6.2706385e+02
   6.2719575e+02
   6.2719860e+02
   6.2779680e+02
   6.2831575e+02
   6.2953408e+02
   6.3009400e+02
   6.3059438e+02
   6.3068045e+02
   6.3076273e+02
   6.3079345e+02
   6.3088207e+02
   6.3140130e+02
   6.3213230e+02
   6.3268720e+02
   6.3296983e+02
   6.3298020e+02
   6.3322075e+02
   6.3359497e+02
   6.3388255e+02
   6.3457560e+02
   6.3458478e+02
   6.3495433e+02
   6.3501442e+02
   6.3552140e+02
   6.3603590e+02
   6.3617765e+02
   6.3798055e+02
   6.3841725e+02
   6.3935810e+02
   6.3970010e+02
   6.4035248e+02
   6.4067022e+02
   6.4092395e+02
   6.4152638e+02
   6.4234232e+02
   6.4311665e+02
   6.4318258e+02
   6.4354080e+02
   6.4376855e+02
   6.4385675e+02
   6.4524660e+02
   6.4586670e+02
   6.4599380e+02
   6.4624793e+02
   6.4667083e+02
   6.4688288e+02
   6.4718205e+02
   6.4758182e+02
   6.4853747e+02
   6.4862407e+02
   6.4862545e+02
   6.4882965e+02
   6.4942732e+02
   6.4948420e+02
   6.4986720e+02
   6.4992705e+02
   6.5076612e+02
   6.5206187e+02
   6.5260405e+02
   6.5304665e+02
   6.5316508e+02
   6.5379567e+02
   6.5426913e+02
   6.5464217e+02
   6.5478012e+02
   6.5492827e+02
   6.5493680e+02
   6.5569033e+02
   6.5588048e+02
   6.5663820e+02
   6.5680673e+02
   6.5736433e+02
   6.5742413e+02
   6.5827283e+02
   6.5964615e+02
   6.6023535e+02
   6.6051608e+02
   6.6072460e+02
   6.6138588e+02
   6.6149627e+02
   6.6240800e+02
   6.6339350e+02
   6.6394705e+02
   6.6408325e+02
   6.6416638e+02
   6.6486492e+02
   6.6497560e+02
   6.6662982e+02
   6.6715527e+02
   6.6841805e+02
   6.6976882e+02
   6.7067742e+02
   6.7214055e+02
   6.7250130e+02
   6.7374188e+02
   6.7465630e+02
   6.7530030e+02
   6.7546555e+02
   6.7569480e+02
   6.7629745e+02
   6.7639925e+02
   6.7654583e+02
   6.7676865e+02
   6.7758925e+02
   6.7815792e+02
   6.7873463e+02
   6.7955138e+02
   6.7962333e+02
   6.7974425e+02
   6.8041485e+02
   6.8053550e+02
   6.8074660e+02
   6.8099947e+02
   6.8101018e+02
   6.8135667e+02
   6.8150285e+02
   6.8158713e+02
   6.8244658e+02
   6.8306395e+02
   6.8438063e+02
   6.8459610e+02
   6.8462432e+02
   6.8489280e+02
   6.8569507e+02
   6.8601895e+02
   6.8670242e+02
   6.8762527e+02
   6.8806673e+02
   6.8831595e+02
   6.8917803e+02
   6.8980822e+02
   6.9006702e+02
   6.9033760e+02
   6.9039342e+02
   6.9251270e+02
   6.9568730e+02
   6.9647253e+02
   6.9689318e+02
   6.9693530e+02
   6.9838365e+02
   6.9849285e+02
   6.9852850e+02
   6.9874767e+02
   6.9918170e+02
   6.9929273e+02
   6.9958393e+02
   7.0039480e+02
   7.0107218e+02
   7.0119670e+02
   7.0183700e+02
   7.0244782e+02
   7.0247528e+02
   7.0340977e+02
   7.0587100e+02
   7.0596677e+02
   7.0600200e+02
   7.0645150e+02
   7.0656067e+02
   7.0774550e+02
   7.0895830e+02
   7.0997447e+02
   7.1030453e+02
   7.1036622e+02
   7.1078467e+02
   7.1165487e+02
   7.1172028e+02
   7.1175035e+02
   7.1287045e+02
   7.1306467e+02
   7.1364060e+02
   7.1374323e+02
   7.1387040e+02
   7.1417438e+02
   7.1466673e+02
   7.1527863e+02
   7.1532110e+02
   7.1556078e+02
   7.1584727e+02
   7.1729382e+02
   7.1760260e+02
   7.1835082e+02
   7.1967320e+02
   7.2003660e+02
   7.2075545e+02
   7.2169607e+02
   7.2175093e+02
   7.2245925e+02
   7.2294290e+02
   7.2319862e+02
   7.2320597e+02
   7.2347475e+02
   7.2378585e+02
   7.2385555e+02
   7.2416740e+02
   7.2423063e+02
   7.2446170e+02
   7.2455192e+02
   7.2484172e+02
   7.2524220e+02
   7.2630845e+02
   7.2643260e+02
   7.2675497e+02
   7.2847963e+02
   7.2849745e+02
   7.2859447e+02
   7.2928622e+02
   7.2935640e+02
   7.3078470e+02
   7.3274027e+02
   7.3369385e+02
   7.3379017e+02
   7.3497987e+02
   7.3504505e+02
   7.3539138e+02
   7.3811435e+02
   7.3867605e+02
   7.3944948e+02
   7.3952200e+02
   7.3984770e+02
   7.4109407e+02
   7.4132560e+02
   7.4155398e+02
   7.4238447e+02
   7.4245240e+02
   7.4259955e+02
   7.4260627e+02
   7.4298800e+02
   7.4345150e+02
   7.4401653e+02
   7.4417408e+02
   7.4477895e+02
   7.4535142e+02
   7.4626870e+02
   7.4708402e+02
   7.4751408e+02
   7.4799350e+02
   7.4875060e+02
   7.4921380e+02
   7.4948160e+02
   7.4992353e+02
   7.5037413e+02
   7.5249418e+02
   7.5308745e+02
   7.5334317e+02
   7.5353183e+02
   7.5450905e+02
   7.5549577e+02
   7.5572220e+02
   7.5676262e+02
   7.5732502e+02
   7.5741810e+02
   7.5767705e+02
   7.5798383e+02
   7.5802008e+02
   7.5877145e+02
   7.5939930e+02
   7.5940648e+02
   7.5963620e+02
   7.6007062e+02
   7.6043215e+02
   7.6105142e+02
   7.6178865e+02
   7.6298670e+02
   7.6345843e+02
   7.6467555e+02
   7.6483623e+02
   7.6540832e+02
   7.6586788e+02
   7.6597123e+02
   7.6736523e+02
   7.6814270e+02
   7.6855168e+02
   7.6939930e+02
   7.7016728e+02
   7.7019578e+02
   7.7028105e+02
   7.7077963e+02
   7.7195782e+02
   7.7202278e+02
   7.7210045e+02
   7.7347180e+02
   7.7543005e+02
   7.7600008e+02
   7.7722935e+02
   7.7854818e+02
   7.7879650e+02
   7.7948610e+02
   7.7956485e+02
   7.7997895e+02
   7.8018718e+02
   7.8020002e+02
   7.8072095e+02
   7.8185928e+02
   7.8194182e+02
   7.8233200e+02
   7.8270348e+02
   7.8282315e+02
   7.8370208e+02
   7.8433785e+02
   7.8509177e+02
   7.8538617e+02
   7.8596248e+02
   7.8623298e+02
   7.8778085e+02
   7.8848277e+02
   7.8874082e+02
   7.8930445e+02
   7.8938328e+02
   7.8951690e+02
   7.8963015e+02
   7.8999270e+02
   7.9001430e+02
   7.9005815e+02
   7.9008912e+02
   7.9017633e+02
   7.9037177e+02
   7.9142130e+02
   7.9179053e+02
   7.9230430e+02
   7.9238008e+02
   7.9284312e+02
   7.9385965e+02
   7.9526148e+02
   7.9566718e+02
   7.9592552e+02
   7.9602107e+02
   7.9668298e+02
   7.9761253e+02
   7.9869100e+02
   7.9931327e+02
   7.9962980e+02
   7.9965242e+02
   8.0026750e+02
   8.0161558e+02
   8.0166930e+02
   8.0302508e+02
   8.0466508e+02
   8.0469957e+02
   8.0523355e+02
   8.0653070e+02
   8.0661053e+02
   8.0701560e+02
   8.0723108e+02
   8.0747793e+02
   8.0762537e+02
   8.0782285e+02
   8.0793235e+02
   8.0812335e+02
   8.0814500e+02
   8.0919510e+02
   8.0948182e+02
   8.0949757e+02
   8.0982870e+02
   8.1011897e+02
   8.1038760e+02
   8.1052823e+02
   8.1133700e+02
   8.1150797e+02
   8.1256287e+02
   8.1400335e+02
   8.1422670e+02
   8.1466120e+02
   8.1532990e+02
   8.1578043e+02
   8.1622860e+02
   8.1626733e+02
   8.1832720e+02
   8.1877172e+02
   8.1897298e+02
   8.1908653e+02
   8.1923525e+02
   8.1934500e+02
   8.1954180e+02
   8.2007218e+02
   8.2049770e+02
   8.2078855e+02
   8.2137992e+02
   8.2208893e+02
   8.2281223e+02
   8.2304408e+02
   8.2325205e+02
   8.2337302e+02
   8.2366813e+02
   8.2437188e+02
   8.2495317e+02
   8.2521450e+02
   8.2572715e+02
   8.2633685e+02
   8.2660047e+02
   8.2684770e+02
   8.2697180e+02
   8.2716747e+02
   8.2798825e+02
   8.2804670e+02
   8.2844935e+02
   8.2853130e+02
   8.2898582e+02
   8.2907370e+02
   8.2919340e+02
   8.3220163e+02
   8.3274897e+02
   8.3283153e+02
   8.3307890e+02
   8.3392970e+02
   8.3534140e+02
   8.3537850e+02
   8.3573867e+02
   8.3643192e+02
   8.3719213e+02
   8.3834855e+02
   8.3837950e+02
   8.3877942e+02
   8.3884955e+02
   8.3890160e+02
   8.3902918e+02
   8.3908450e+02
   8.3919815e+02
   8.3966675e+02
   8.4012072e+02
   8.4048963e+02
   8.4123100e+02
   8.4147700e+02
   8.4156685e+02
   8.4162823e+02
   8.4226555e+02
   8.4244715e+02
   8.4274820e+02
   8.4334045e+02
   8.4346457e+02
   8.4398677e+02
   8.4415382e+02
   8.4441872e+02
   8.4476445e+02
   8.4511753e+02
   8.4570955e+02
   8.4578790e+02
   8.4660528e+02
   8.4746933e+02
   8.4820663e+02
   8.4853733e+02
   8.5014868e+02
   8.5091185e+02
   8.5101605e+02
   8.5179510e+02
   8.5190702e+02
   8.5248685e+02
   8.5275702e+02
   8.5362595e+02
   8.5376627e+02
   8.5446195e+02
   8.5508210e+02
   8.5604562e+02
   8.5636198e+02
   8.5696585e+02
   8.5713355e+02
   8.5738850e+02
   8.5760245e+02
   8.5796610e+02
   8.5806385e+02
   8.5834515e+02
   8.5842060e+02
   8.6015032e+02
   8.6071180e+02
   8.6284933e+02
   8.6414148e+02
   8.6416670e+02
   8.6662585e+02
   8.6694583e+02
   8.6715657e+02
   8.6826635e+02
   8.6990787e+02
   8.6999925e+02
   8.7030258e+02
   8.7045350e+02
   8.7095360e+02
   8.7099915e+02
   8.7191913e+02
   8.7210947e+02
   8.7220353e+02
   8.7228605e+02
   8.7427148e+02
   8.7515420e+02
   8.7531355e+02
   8.7552093e+02
   8.7554953e+02
   8.7558287e+02
   8.7572555e+02
   8.7608430e+02
   8.7653145e+02
   8.7746128e+02
   8.7757787e+02
   8.7774347e+02
   8.7786463e+02
   8.7833893e+02
   8.7836000e+02
   8.7867472e+02
   8.8043457e+02
   8.8055195e+02
   8.8059568e+02
   8.8111090e+02
   8.8246100e+02
   8.8265960e+02
   8.8278472e+02
   8.8406135e+02
   8.8448080e+02
   8.8502423e+02
   8.8511635e+02
   8.8517885e+02
   8.8675210e+02
   8.8683075e+02
   8.8754192e+02
   8.8789210e+02
   8.8846537e+02
   8.8852532e+02
   8.8861542e+02
   8.8908033e+02
   8.8970480e+02
   8.8976660e+02
   8.8995325e+02
   8.9045007e+02
   8.9053927e+02
   8.9094417e+02
   8.9121563e+02
   8.9145483e+02
   8.9156782e+02
   8.9223302e+02
   8.9271630e+02
   8.9351495e+02
   8.9370422e+02
   8.9421658e+02
   8.9432905e+02
   8.9433853e+02
   8.9439562e+02
   8.9536627e+02
   8.9541395e+02
   8.9625333e+02
   8.9637435e+02
   8.9705467e+02
   8.9725958e+02
   8.9734760e+02
   8.9802300e+02
   8.9879503e+02
   8.9899460e+02
   9.0048915e+02
   9.0054168e+02
   9.0107422e+02
   9.0250542e+02
   9.0306590e+02
   9.0343980e+02
   9.0446690e+02
   9.0452572e+02
   9.0480207e+02
   9.0498852e+02
   9.0534790e+02
   9.0661738e+02
   9.0705545e+02
   9.0728475e+02
   9.0756640e+02
   9.0771905e+02
   9.0775980e+02
   9.0781067e+02
   9.0864760e+02
   9.0897125e+02
   9.0915422e+02
   9.0920947e+02
   9.0932853e+02
   9.1159912e+02
   9.1176400e+02
   9.1178905e+02
   9.1209123e+02
   9.1218818e+02
   9.1230000e+02
   9.1284147e+02
   9.1317950e+02
   9.1363032e+02
   9.1379720e+02
   9.1413685e+02
   9.1419533e+02
   9.1584445e+02
   9.1740415e+02
   9.1745090e+02
   9.1970028e+02
   9.2041045e+02
   9.2046210e+02
   9.2056083e+02
   9.2350800e+02
   9.2355827e+02
   9.2356962e+02
   9.2411508e+02
   9.2504445e+02
   9.2523770e+02
   9.2582803e+02
   9.2601120e+02
   9.2658137e+02
   9.2858680e+02
   9.2946680e+02
   9.2973172e+02
   9.2983810e+02
   9.2987255e+02
   9.3098300e+02
   9.3108628e+02
   9.3141962e+02
   9.3181495e+02
   9.3186160e+02
   9.3208578e+02
   9.3237145e+02
   9.3289243e+02
   9.3301508e+02
   9.3392610e+02
   9.3413558e+02
   9.3598857e+02
   9.3626757e+02
   9.3668920e+02
   9.3693340e+02
   9.3765480e+02
   9.3807465e+02
   9.3817877e+02
   9.3818125e+02
   9.3833515e+02
   9.3979160e+02
   9.4041730e+02
   9.4098955e+02
   9.4185878e+02
   9.4216683e+02
   9.4279410e+02
   9.4296028e+02
   9.4453242e+02
   9.4482940e+02
   9.4490173e+02
   9.4525560e+02
   9.4585555e+02
   9.4599610e+02
   9.4606922e+02
   9.4617207e+02
   9.4633230e+02
   9.4636338e+02
   9.4678602e+02
   9.4692782e+02
   9.4739280e+02
   9.4761770e+02
   9.4790467e+02
   9.4796533e+02
   9.4850013e+02
   9.4875745e+02
   9.4902380e+02
   9.4958042e+02
   9.5000505e+02
   9.5052718e+02
   9.5071050e+02
   9.5099335e+02
   9.5182125e+02
   9.5304045e+02
   9.5421962e+02
   9.5471675e+02
   9.5499075e+02
   9.5630990e+02
   9.5660845e+02
   9.5711302e+02
   9.5715628e+02
   9.5763677e+02
   9.5815937e+02
   9.5841050e+02
   9.5853385e+02
   9.5865105e+02
   9.5876833e+02
   9.5895822e+02
   9.5907658e+02
   9.5912135e+02
   9.5961295e+02
   9.6048717e+02
   9.6059523e+02
   9.6276465e+02
   9.6501450e+02
   9.6580330e+02
   9.6630235e+02
   9.6678105e+02
   9.6691065e+02
   9.6720083e+02
   9.6745470e+02
   9.6756770e+02
   9.6780625e+02
   9.6844710e+02
   9.6869642e+02
   9.6932637e+02
   9.6977262e+02
   9.7027942e+02
   9.7058285e+02
   9.7059705e+02
   9.7118575e+02
   9.7169605e+02
   9.7172210e+02
   9.7184315e+02
   9.7196695e+02
   9.7250260e+02
   9.7345787e+02
   9.7387055e+02
   9.7417168e+02
   9.7443178e+02
   9.7456247e+02
   9.7457080e+02
   9.7476170e+02
   9.7544285e+02
   9.7664852e+02
   9.7708150e+02
   9.7711547e+02
   9.7776112e+02
   9.7808240e+02
   9.7812328e+02
   9.7878775e+02
   9.7886132e+02
   9.7889795e+02
   9.7930962e+02
   9.7944232e+02
   9.8004213e+02
   9.8065508e+02
   9.8077972e+02
   9.8100977e+02
   9.8128818e+02
   9.8172073e+02
   9.8261373e+02
   9.8288850e+02
   9.8364278e+02
   9.8366908e+02
   9.8376815e+02
   9.8387873e+02
   9.8466853e+02
   9.8511960e+02
   9.8520722e+02
   9.8567432e+02
   9.8596642e+02
   9.8636120e+02
   9.8661572e+02
   9.8706568e+02
   9.8764368e+02
   9.8893250e+02
   9.8918493e+02
   9.8955048e+02
   9.9263003e+02
   9.9271655e+02
   9.9314773e+02
   9.9345698e+02
   9.9407092e+02
   9.9437925e+02
   9.9603858e+02
   9.9676065e+02
   9.9718882e+02
   9.9764865e+02
   9.9790360e+02
   9.9819170e+02
   9.9828595e+02
   9.9849265e+02
   9.9935030e+02
   1.0008035e+03
   1.0025211e+03
   1.0028029e+03
   1.0036890e+03
   1.0039817e+03
   1.0063004e+03
   1.0066085e+03
   1.0070707e+03
   1.0080689e+03
   1.0081663e+03
   1.0081852e+03
   1.0084251e+03
   1.0088846e+03
   1.0090997e+03
   1.0093001e+03
   1.0093094e+03
   1.0093218e+03
   1.0095820e+03
   1.0096124e+03
   1.0103262e+03
   1.0105394e+03
   1.0106217e+03
   1.0115160e+03
   1.0116432e+03
   1.0117521e+03
   1.0119455e+03
   1.0121335e+03
   1.0128168e+03
   1.0141346e+03
   1.0141472e+03
   1.0144574e+03
   1.0152002e+03
   1.0161141e+03
   1.0162876e+03
   1.0172950e+03
   1.0173920e+03
   1.0191973e+03
   1.0194830e+03
   1.0195371e+03
   1.0197069e+03
   1.0208041e+03
   1.0211431e+03
   1.0217399e+03
   1.0219776e+03
   1.0223203e+03
   1.0240097e+03
   1.0245880e+03
   1.0246842e+03
   1.0250285e+03
   1.0251311e+03
   1.0263789e+03
   1.0266447e+03
   1.0268347e+03
   1.0268523e+03
   1.0270322e+03
   1.0281503e+03
   1.0284740e+03
   1.0301791e+03
   1.0304583e+03
   1.0306124e+03
   1.0309566e+03
   1.0314448e+03
   1.0322606e+03
   1.0338132e+03
   1.0338286e+03
   1.0341845e+03
   1.0343445e+03
   1.0358742e+03
   1.0363376e+03
   1.0366503e+03
   1.0372952e+03
   1.0373960e+03
   1.0387497e+03
   1.0408709e+03
   1.0417895e+03
   1.0419469e+03
   1.0427685e+03
   1.0435192e+03
   1.0437283e+03
   1.0437602e+03
   1.0440093e+03
   1.0440958e+03
   1.0450134e+03
   1.0460640e+03
   1.0461434e+03
   1.0464856e+03
   1.0467427e+03
   1.0469529e+03
   1.0478239e+03
   1.0480923e+03
   1.0486412e+03
   1.0490062e+03
   1.0490584e+03
   1.0496488e+03
   1.0501674e+03
   1.0504264e+03
   1.0505453e+03
   1.0513256e+03
   1.0514565e+03
   1.0517686e+03
   1.0527956e+03
   1.0537591e+03
   1.0542296e+03
   1.0549959e+03
   1.0551981e+03
   1.0557764e+03
   1.0560402e+03
   1.0561543e+03
   1.0564926e+03
   1.0566830e+03
   1.0569442e+03
   1.0571537e+03
   1.0575560e+03
   1.0578417e+03
   1.0579853e+03
   1.0585108e+03
   1.0597069e+03
   1.0598530e+03
   1.0603181e+03
   1.0603395e+03
   1.0611026e+03
   1.0614006e+03
   1.0629144e+03
   1.0630225e+03
   1.0640328e+03
   1.0649422e+03
   1.0653471e+03
   1.0655787e+03
   1.0659823e+03
   1.0665356e+03
   1.0674745e+03
   1.0686591e+03
   1.0695255e+03
   1.0703847e+03
   1.0713334e+03
   1.0714710e+03
   1.0715971e+03
   1.0725877e+03
   1.0727514e+03
   1.0732765e+03
   1.0733965e+03
   1.0736532e+03
   1.0741402e+03
   1.0767482e+03
   1.0767506e+03
   1.0771568e+03
   1.0773836e+03
   1.0775654e+03
   1.0777501e+03
   1.0779056e+03
   1.0780513e+03
   1.0782158e+03
   1.0782584e+03
   1.0786532e+03
   1.0787524e+03
   1.0787727e+03
   1.0790274e+03
   1.0791274e+03
   1.0796622e+03
   1.0801886e+03
   1.0803108e+03
   1.0809957e+03
   1.0815048e+03
   1.0816873e+03
   1.0819786e+03
   1.0824464e+03
   1.0825448e+03
   1.0831724e+03
   1.0835260e+03
   1.0838265e+03
   1.0838790e+03
   1.0840939e+03
   1.0850141e+03
   1.0862170e+03
   1.0864524e+03
   1.0866698e+03
   1.0871545e+03
   1.0878474e+03
   1.0881509e+03
   1.0888163e+03
   1.0889322e+03
   1.0894282e+03
   1.0895292e+03
   1.0898755e+03
   1.0902043e+03
   1.0904220e+03
   1.0904763e+03
   1.0905053e+03
   1.0906983e+03
   1.0908750e+03
   1.0918996e+03
   1.0925154e+03
   1.0928220e+03
   1.0935162e+03
   1.0936870e+03
   1.0943910e+03
   1.0949196e+03
   1.0964708e+03
   1.0968082e+03
   1.0973631e+03
   1.0978956e+03
   1.0983286e+03
   1.0988461e+03
   1.0993737e+03
   1.1000205e+03
   1.1001864e+03
   1.1006402e+03
   1.1010778e+03
   1.1018305e+03
   1.1022852e+03
   1.1028940e+03
   1.1029453e+03
   1.1033001e+03
   1.1035540e+03
   1.1044324e+03
   1.1055336e+03
   1.1056931e+03
   1.1059370e+03
   1.1071104e+03
   1.1071702e+03
   1.1073347e+03
   1.1074696e+03
   1.1074974e+03
   1.1081102e+03
   1.1082682e+03
   1.1086090e+03
   1.1090145e+03
   1.1095819e+03
   1.1099237e+03
   1.1101052e+03
   1.1103997e+03
   1.1108973e+03
   1.1118462e+03
   1.1120345e+03
   1.1122589e+03
   1.1124688e+03
   1.1125264e+03
   1.1125870e+03
   1.1131569e+03
   1.1132036e+03
   1.1133918e+03
   1.1136963e+03
   1.1149255e+03
   1.1151132e+03
   1.1153355e+03
   1.1158734e+03
   1.1172749e+03
   1.1176160e+03
   1.1177574e+03
   1.1178498e+03
   1.1179960e+03
   1.1183426e+03
   1.1191530e+03
   1.1195730e+03
   1.1198202e+03
   1.1205016e+03
   1.1217690e+03
   1.1219496e+03
   1.1224213e+03
   1.1225541e+03
   1.1225742e+03
   1.1239300e+03
   1.1254034e+03
   1.1269028e+03
   1.1270007e+03
   1.1275232e+03
   1.1276702e+03
   1.1284256e+03
   1.1288860e+03
   1.1299134e+03
   1.1302361e+03
   1.1308382e+03
   1.1309047e+03
   1.1316092e+03
   1.1317618e+03
   1.1320629e+03
   1.1321394e+03
   1.1322017e+03
   1.1338812e+03
   1.1339924e+03
   1.1340285e+03
   1.1345459e+03
   1.1354829e+03
   1.1361806e+03
   1.1375416e+03
   1.1384489e+03
   1.1388375e+03
   1.1395250e+03
   1.1402504e+03
   1.1404654e+03
   1.1411754e+03
   1.1413738e+03
   1.1414024e+03
   1.1427200e+03
   1.1438039e+03
   1.1439450e+03
   1.1441752e+03
   1.1441960e+03
   1.1442482e+03
   1.1455864e+03
   1.1467828e+03
   1.1471446e+03
   1.1475238e+03
   1.1492846e+03
   1.1507589e+03
   1.1510477e+03
   1.1514532e+03
   1.1519164e+03
   1.1521453e+03
   1.1528810e+03
   1.1530153e+03
   1.1549864e+03
   1.1552698e+03
   1.1560731e+03
   1.1565812e+03
   1.1568341e+03
   1.1570564e+03
   1.1571591e+03
   1.1573744e+03
   1.1574969e+03
   1.1582798e+03
   1.1588711e+03
   1.1598725e+03
   1.1605821e+03
   1.1615018e+03
   1.1616297e+03
   1.1618183e+03
   1.1629056e+03
   1.1632827e+03
   1.1644213e+03
   1.1651454e+03
   1.1672821e+03
   1.1675557e+03
   1.1683281e+03
   1.1688932e+03
   1.1690994e+03
   1.1693442e+03
   1.1699086e+03
   1.1699321e+03
   1.1701540e+03
   1.1703184e+03
   1.1703984e+03
   1.1707127e+03
   1.1708270e+03
   1.1738253e+03
   1.1745136e+03
   1.1750569e+03
   1.1754977e+03
   1.1760206e+03
   1.1762001e+03
   1.1765328e+03
   1.1766003e+03
   1.1771421e+03
   1.1780463e+03
   1.1782571e+03
   1.1786081e+03
   1.1788354e+03
   1.1791719e+03
   1.1793598e+03
   1.1795490e+03
   1.1798838e+03
   1.1802381e+03
   1.1806403e+03
   1.1807224e+03
   1.1820605e+03
   1.1821374e+03
   1.1822714e+03
   1.1827865e+03
   1.1830553e+03
   1.1837097e+03
   1.1838062e+03
   1.1840772e+03
   1.1846246e+03
   1.1854755e+03
   1.1874207e+03
   1.1879191e+03
   1.1893177e+03
   1.1899230e+03
   1.1907475e+03
   1.1916170e+03
   1.1932259e+03
   1.1944523e+03
   1.1945544e+03
   1.1948281e+03
   1.1951313e+03
   1.1956784e+03
   1.1959228e+03
   1.1961731e+03
   1.1963387e+03
   1.1965229e+03
   1.1967303e+03
   1.1968706e+03
   1.1972035e+03
   1.1975529e+03
   1.1977414e+03
   1.1986891e+03
   1.1995449e+03
   1.2009004e+03
   1.2011501e+03
   1.2016673e+03
   1.2017353e+03
   1.2018564e+03
   1.2025338e+03
   1.2033076e+03
   1.2033483e+03
   1.2033843e+03
   1.2036259e+03
   1.2055328e+03
   1.2056451e+03
   1.2057250e+03
   1.2059144e+03
   1.2070077e+03
   1.2076139e+03
   1.2077489e+03
   1.2082247e+03
   1.2085641e+03
   1.2086098e+03
   1.2087396e+03
   1.2092268e+03
   1.2092758e+03
   1.2095912e+03
   1.2103056e+03
   1.2120481e+03
   1.2121682e+03
   1.2121798e+03
   1.2124091e+03
   1.2126262e+03
   1.2129262e+03
   1.2131471e+03
   1.2135517e+03
   1.2146901e+03
   1.2149496e+03
   1.2151730e+03
   1.2153448e+03
   1.2154759e+03
   1.2154775e+03
   1.2157409e+03
   1.2158626e+03
   1.2159822e+03
   1.2165594e+03
   1.2168827e+03
   1.2173432e+03
   1.2182254e+03
   1.2185207e+03
   1.2192486e+03
   1.2203008e+03
   1.2214817e+03
   1.2216087e+03
   1.2217400e+03
   1.2221865e+03
   1.2235663e+03
   1.2238465e+03
   1.2240951e+03
   1.2241188e+03
   1.2242146e+03
   1.2246093e+03
   1.2248488e+03
   1.2256459e+03
   1.2260367e+03
   1.2260990e+03
   1.2261889e+03
   1.2267836e+03
   1.2269013e+03
   1.2269125e+03
   1.2270675e+03
   1.2306216e+03
   1.2313449e+03
   1.2321428e+03
   1.2321768e+03
   1.2327819e+03
   1.2331261e+03
   1.2332433e+03
   1.2351794e+03
   1.2362034e+03
   1.2368777e+03
   1.2373462e+03
   1.2374656e+03
   1.2374739e+03
   1.2383926e+03
   1.2385421e+03
   1.2386690e+03
   1.2387595e+03
   1.2389100e+03
   1.2403113e+03
   1.2405575e+03
   1.2410751e+03
   1.2420583e+03
   1.2422376e+03
   1.2422553e+03
   1.2424429e+03
   1.2431738e+03
   1.2432553e+03
   1.2442497e+03
   1.2449229e+03
   1.2449501e+03
   1.2456054e+03
   1.2467625e+03
   1.2469218e+03
   1.2485709e+03
   1.2486271e+03
   1.2490444e+03
   1.2493067e+03
   1.2503685e+03
   1.2519352e+03
   1.2521441e+03
   1.2528286e+03
   1.2530552e+03
   1.2545392e+03
   1.2546202e+03
   1.2550905e+03
   1.2554993e+03
   1.2558631e+03
   1.2560024e+03
   1.2563231e+03
   1.2569629e+03
   1.2570969e+03
   1.2586788e+03
   1.2590119e+03
   1.2594095e+03
   1.2595937e+03
   1.2602178e+03
   1.2609095e+03
   1.2610502e+03
   1.2612975e+03
   1.2616458e+03
   1.2619804e+03
   1.2627160e+03
   1.2630659e+03
   1.2635639e+03
   1.2641187e+03
   1.2641901e+03
   1.2654614e+03
   1.2658993e+03
   1.2660876e+03
   1.2663190e+03
   1.2666336e+03
   1.2666625e+03
   1.2670074e+03
   1.2670193e+03
   1.2673585e+03
   1.2682565e+03
   1.2690743e+03
   1.2694181e+03
   1.2695616e+03
   1.2698275e+03
   1.2704360e+03
   1.2718608e+03
   1.2719107e+03
   1.2728581e+03
   1.2748261e+03
   1.2748443e+03
   1.2757275e+03
   1.2764922e+03
   1.2769357e+03
   1.2770650e+03
   1.2792206e+03
   1.2814606e+03
   1.2819724e+03
   1.2830763e+03
   1.2838462e+03
   1.2850476e+03
   1.2859878e+03
   1.2864967e+03
   1.2874986e+03
   1.2877142e+03
   1.2880519e+03
   1.2881319e+03
   1.2882691e+03
   1.2886377e+03
   1.2888516e+03
   1.2894082e+03
   1.2899307e+03
   1.2906555e+03
   1.2911577e+03
   1.2913037e+03
   1.2919830e+03
   1.2925248e+03
   1.2931973e+03
   1.2935760e+03
   1.2938831e+03
   1.2941364e+03
   1.2942065e+03
   1.2945647e+03
   1.2950899e+03
   1.2954774e+03
   1.2955685e+03
   1.2957984e+03
   1.2964746e+03
   1.2970460e+03
   1.2971505e+03
   1.2979360e+03
   1.2981424e+03
   1.2988336e+03
   1.2989292e+03
   1.2989976e+03
   1.2991923e+03
   1.3005820e+03
   1.3006841e+03
   1.3009478e+03
   1.3016756e+03
   1.3025198e+03
   1.3032158e+03
   1.3055309e+03
   1.3067947e+03
   1.3081247e+03
   1.3081742e+03
   1.3103083e+03
   1.3118193e+03
   1.3129859e+03
   1.3151527e+03
   1.3159059e+03
   1.3160583e+03
   1.3161881e+03
   1.3172595e+03
   1.3182664e+03
   1.3183429e+03
   1.3190554e+03
   1.3193899e+03
   1.3197476e+03
   1.3210987e+03
   1.3221633e+03
   1.3235162e+03
   1.3236587e+03
   1.3239519e+03
   1.3243012e+03
   1.3243601e+03
   1.3243959e+03
   1.3257115e+03
   1.3260288e+03
   1.3269720e+03
   1.3291234e+03
   1.3298703e+03
   1.3304306e+03
   1.3309462e+03
   1.3311755e+03
   1.3320477e+03
   1.3364240e+03
   1.3373606e+03
   1.3378942e+03
   1.3381516e+03
   1.3387668e+03
   1.3401115e+03
   1.3410967e+03
   1.3414886e+03
   1.3415602e+03
   1.3419326e+03
   1.3421449e+03
   1.3422088e+03
   1.3429845e+03
   1.3433962e+03
   1.3435703e+03
   1.3435925e+03
   1.3445902e+03
   1.3449571e+03
   1.3455093e+03
   1.3456653e+03
   1.3457741e+03
   1.3461226e+03
   1.3466092e+03
   1.3470799e+03
   1.3477783e+03
   1.3486994e+03
   1.3490153e+03
   1.3499334e+03
   1.3511901e+03
   1.3518072e+03
   1.3521093e+03
   1.3525696e+03
   1.3530582e+03
   1.3533675e+03
   1.3538660e+03
   1.3556405e+03
   1.3557734e+03
   1.3558771e+03
   1.3569153e+03
   1.3569744e+03
   1.3577065e+03
   1.3584755e+03
   1.3584966e+03
   1.3596789e+03
   1.3597983e+03
   1.3605704e+03
   1.3607214e+03
   1.3608248e+03
   1.3625360e+03
   1.3629632e+03
   1.3636361e+03
   1.3646703e+03
   1.3650388e+03
   1.3654023e+03
   1.3664468e+03
   1.3670254e+03
   1.3713217e+03
   1.3713397e+03
   1.3725641e+03
   1.3728751e+03
   1.3731738e+03
   1.3765382e+03
   1.3767105e+03
   1.3769262e+03
   1.3776354e+03
   1.3779064e+03
   1.3793008e+03
   1.3863963e+03
   1.3867798e+03
   1.3871769e+03
   1.3879156e+03
   1.3881018e+03
   1.3883757e+03
   1.3897356e+03
   1.3907046e+03
   1.3922926e+03
   1.3928567e+03
   1.3931511e+03
   1.3939251e+03
   1.3950810e+03
   1.3951832e+03
   1.3974281e+03
   1.3982499e+03
   1.3991994e+03
   1.4001281e+03
   1.4007369e+03
   1.4014699e+03
   1.4015341e+03
   1.4026114e+03
   1.4036924e+03
   1.4048991e+03
   1.4057162e+03
   1.4068347e+03
   1.4078982e+03
   1.4082947e+03
   1.4088410e+03
   1.4092943e+03
   1.4096796e+03
   1.4113012e+03
   1.4117599e+03
   1.4133852e+03
   1.4134998e+03
   1.4143239e+03
   1.4146901e+03
   1.4162982e+03
   1.4168270e+03
   1.4177068e+03
   1.4177415e+03
   1.4178459e+03
   1.4182220e+03
   1.4195652e+03
   1.4200010e+03
   1.4206867e+03
   1.4208375e+03
   1.4212910e+03
   1.4234596e+03
   1.4238499e+03
   1.4240491e+03
   1.4249364e+03
   1.4287984e+03
   1.4290875e+03
   1.4299245e+03
   1.4300681e+03
   1.4304971e+03
   1.4312974e+03
   1.4316906e+03
   1.4321807e+03
   1.4331746e+03
   1.4349652e+03
   1.4377687e+03
   1.4380130e+03
   1.4381010e+03
   1.4385032e+03
   1.4388862e+03
   1.4393866e+03
   1.4396195e+03
   1.4396782e+03
   1.4399334e+03
   1.4402728e+03
   1.4404252e+03
   1.4408893e+03
   1.4410485e+03
   1.4413406e+03
   1.4433611e+03
   1.4447758e+03
   1.4448362e+03
   1.4449380e+03
   1.4452842e+03
   1.4464562e+03
   1.4478284e+03
   1.4505285e+03
   1.4515843e+03
   1.4517667e+03
   1.4530983e+03
   1.4532561e+03
   1.4539386e+03
   1.4546524e+03
   1.4561373e+03
   1.4564105e+03
   1.4567212e+03
   1.4575315e+03
   1.4577169e+03
   1.4588335e+03
   1.4599852e+03
   1.4615767e+03
   1.4617402e+03
   1.4626168e+03
   1.4639084e+03
   1.4644617e+03
   1.4652901e+03
   1.4673914e+03
   1.4685417e+03
   1.4686603e+03
   1.4697561e+03
   1.4714287e+03
   1.4716120e+03
   1.4744150e+03
   1.4749416e+03
   1.4749554e+03
   1.4750483e+03
   1.4753647e+03
   1.4755476e+03
   1.4762152e+03
   1.4766044e+03
   1.4768543e+03
   1.4772850e+03
   1.4782346e+03
   1.4820766e+03
   1.4827715e+03
   1.4833031e+03
   1.4837817e+03
   1.4840155e+03
   1.4862913e+03
   1.4868113e+03
   1.4875131e+03
   1.4879857e+03
   1.4880505e+03
   1.4882948e+03
   1.4887127e+03
   1.4896072e+03
   1.4897375e+03
   1.4897524e+03
   1.4903482e+03
   1.4907168e+03
   1.4909981e+03
   1.4923051e+03
   1.4923561e+03
   1.4924321e+03
   1.4941765e+03
   1.4943969e+03
   1.4949410e+03
   1.4953444e+03
   1.4955338e+03
   1.4955400e+03
   1.4963757e+03
   1.4969354e+03
   1.4984697e+03
   1.4987632e+03
   1.4991520e+03
   1.4995524e+03
   1.5004863e+03
   1.5009861e+03
   1.5020922e+03
   1.5022818e+03
   1.5024188e+03
   1.5033734e+03
   1.5043100e+03
   1.5045958e+03
   1.5075433e+03
   1.5076155e+03
   1.5076190e+03
   1.5089989e+03
   1.5101405e+03
   1.5105612e+03
   1.5115386e+03
   1.5118255e+03
   1.5118537e+03
   1.5122684e+03
   1.5124381e+03
   1.5127253e+03
   1.5132566e+03
   1.5148570e+03
   1.5150216e+03
   1.5168150e+03
   1.5176076e+03
   1.5176174e+03
   1.5208378e+03
   1.5224444e+03
   1.5228459e+03
   1.5230177e+03
   1.5235977e+03
   1.5240067e+03
   1.5243871e+03
   1.5252289e+03
   1.5267121e+03
   1.5276444e+03
   1.5304977e+03
   1.5314212e+03
   1.5319479e+03
   1.5336969e+03
   1.5342307e+03
   1.5355008e+03
   1.5361714e+03
   1.5370276e+03
   1.5382200e+03
   1.5397586e+03
   1.5406134e+03
   1.5407618e+03
   1.5412548e+03
   1.5418456e+03
   1.5425456e+03
   1.5426368e+03
   1.5429177e+03
   1.5432319e+03
   1.5459572e+03
   1.5460336e+03
   1.5465590e+03
   1.5470522e+03
   1.5472999e+03
   1.5473350e+03
   1.5474180e+03
   1.5488003e+03
   1.5499267e+03
   1.5509253e+03
   1.5523957e+03
   1.5524502e+03
   1.5531308e+03
   1.5533824e+03
   1.5548697e+03
   1.5565505e+03
   1.5576218e+03
   1.5577573e+03
   1.5579650e+03
   1.5582224e+03
   1.5596351e+03
   1.5597308e+03
   1.5602107e+03
   1.5616003e+03
   1.5620852e+03
   1.5625652e+03
   1.5632046e+03
   1.5643050e+03
   1.5657991e+03
   1.5686989e+03
   1.5689895e+03
   1.5702523e+03
   1.5705230e+03
   1.5715504e+03
   1.5726158e+03
   1.5729120e+03
   1.5730716e+03
   1.5731832e+03
   1.5732203e+03
   1.5733283e+03
   1.5743207e+03
   1.5764137e+03
   1.5764990e+03
   1.5765992e+03
   1.5769732e+03
   1.5782782e+03
   1.5800795e+03
   1.5819653e+03
   1.5832565e+03
   1.5839219e+03
   1.5842966e+03
   1.5843996e+03
   1.5862664e+03
   1.5873613e+03
   1.5889144e+03
   1.5891322e+03
   1.5897545e+03
   1.5907267e+03
   1.5930274e+03
   1.5936356e+03
   1.5951128e+03
   1.5954205e+03
   1.5972500e+03
   1.5974742e+03
   1.5982378e+03
   1.5987758e+03
   1.5990257e+03
   1.5991344e+03
   1.5999889e+03
   1.6001760e+03
   1.6004539e+03
   1.6007280e+03
   1.6010856e+03
   1.6021442e+03
   1.6030013e+03
   1.6034958e+03
   1.6036326e+03
   1.6042836e+03
   1.6050037e+03
   1.6065931e+03
   1.6068455e+03
   1.6091193e+03
   1.6094290e+03
   1.6095957e+03
   1.6098587e+03
   1.6108551e+03
   1.6116476e+03
   1.6129887e+03
   1.6142485e+03
   1.6151508e+03
   1.6166568e+03
   1.6190326e+03
   1.6200192e+03
   1.6201115e+03
   1.6201971e+03
   1.6205254e+03
   1.6220179e+03
   1.6221123e+03
   1.6223415e+03
   1.6224055e+03
   1.6241982e+03
   1.6289037e+03
   1.6290682e+03
   1.6291615e+03
   1.6307852e+03
   1.6338224e+03
   1.6355402e+03
   1.6356181e+03
   1.6386657e+03
   1.6401934e+03
   1.6434737e+03
   1.6453444e+03
   1.6459004e+03
   1.6461082e+03
   1.6465855e+03
   1.6468620e+03
   1.6470210e+03
   1.6503936e+03
   1.6514956e+03
   1.6536252e+03
   1.6538265e+03
   1.6564831e+03
   1.6566289e+03
   1.6571203e+03
   1.6591327e+03
   1.6592123e+03
   1.6592240e+03
   1.6593939e+03
   1.6598564e+03
   1.6601588e+03
   1.6602918e+03
   1.6609841e+03
   1.6627972e+03
   1.6637225e+03
   1.6641642e+03
   1.6652262e+03
   1.6652431e+03
   1.6659608e+03
   1.6661082e+03
   1.6662911e+03
   1.6665263e+03
   1.6692762e+03
   1.6713627e+03
   1.6725078e+03
   1.6734796e+03
   1.6740432e+03
   1.6742658e+03
   1.6757007e+03
   1.6767630e+03
   1.6771668e+03
   1.6787558e+03
   1.6809808e+03
   1.6827060e+03
   1.6877785e+03
   1.6879008e+03
   1.6883519e+03
   1.6902979e+03
   1.6942216e+03
   1.6984762e+03
   1.6993732e+03
   1.7003000e+03
   1.7004716e+03
   1.7018007e+03
   1.7035908e+03
   1.7050424e+03
   1.7055385e+03
   1.7062909e+03
   1.7072016e+03
   1.7079408e+03
   1.7079978e+03
   1.7080330e+03
   1.7091778e+03
   1.7103880e+03
   1.7118539e+03
   1.7119583e+03
   1.7119879e+03
   1.7145555e+03
   1.7158284e+03
   1.7171025e+03
   1.7173399e+03
   1.7174586e+03
   1.7185737e+03
   1.7190537e+03
   1.7194163e+03
   1.7201009e+03
   1.7202551e+03
   1.7223338e+03
   1.7228631e+03
   1.7229527e+03
   1.7237954e+03
   1.7245049e+03
   1.7265351e+03
   1.7266127e+03
   1.7278614e+03
   1.7299154e+03
   1.7303993e+03
   1.7311893e+03
   1.7332170e+03
   1.7332214e+03
   1.7339386e+03
   1.7343709e+03
   1.7348092e+03
   1.7357416e+03
   1.7370038e+03
   1.7373026e+03
   1.7375812e+03
   1.7378960e+03
   1.7414774e+03
   1.7421140e+03
   1.7454627e+03
   1.7457576e+03
   1.7460904e+03
   1.7461294e+03
   1.7477561e+03
   1.7478537e+03
   1.7478785e+03
   1.7487369e+03
   1.7498178e+03
   1.7499741e+03
   1.7504143e+03
   1.7518470e+03
   1.7519590e+03
   1.7533320e+03
   1.7548482e+03
   1.7549858e+03
   1.7565151e+03
   1.7571374e+03
   1.7576651e+03
   1.7588249e+03
   1.7596552e+03
   1.7603742e+03
   1.7604599e+03
   1.7604790e+03
   1.7609685e+03
   1.7612627e+03
   1.7615246e+03
   1.7620678e+03
   1.7621102e+03
   1.7634158e+03
   1.7638073e+03
   1.7638657e+03
   1.7642581e+03
   1.7676134e+03
   1.7709204e+03
   1.7714890e+03
   1.7727972e+03
   1.7733258e+03
   1.7738903e+03
   1.7750397e+03
   1.7756409e+03
   1.7757146e+03
   1.7757918e+03
   1.7761249e+03
   1.7765929e+03
   1.7766374e+03
   1.7770107e+03
   1.7780065e+03
   1.7806282e+03
   1.7810959e+03
   1.7815849e+03
   1.7818883e+03
   1.7844061e+03
   1.7845474e+03
   1.7849825e+03
   1.7858063e+03
   1.7865450e+03
   1.7874436e+03
   1.7882096e+03
   1.7888962e+03
   1.7892401e+03
   1.7894505e+03
   1.7896482e+03
   1.7901937e+03
   1.7911808e+03
   1.7918604e+03
   1.7958075e+03
   1.7981606e+03
   1.7985421e+03
   1.7997217e+03
   1.7997685e+03
   1.8002419e+03
   1.8023139e+03
   1.8024342e+03
   1.8048421e+03
   1.8065025e+03
   1.8071056e+03
   1.8086259e+03
   1.8108103e+03
   1.8121936e+03
   1.8126904e+03
   1.8133840e+03
   1.8136406e+03
   1.8149793e+03
   1.8151260e+03
   1.8173158e+03
   1.8173750e+03
   1.8184226e+03
   1.8198089e+03
   1.8204428e+03
   1.8210060e+03
   1.8212038e+03
   1.8215614e+03
   1.8218580e+03
   1.8232894e+03
   1.8244297e+03
   1.8281466e+03
   1.8285987e+03
   1.8302139e+03
   1.8305591e+03
   1.8312421e+03
   1.8326369e+03
   1.8336575e+03
   1.8355544e+03
   1.8364430e+03
   1.8384224e+03
   1.8416952e+03
   1.8418198e+03
   1.8419500e+03
   1.8445814e+03
   1.8476197e+03
   1.8478482e+03
   1.8487241e+03
   1.8500588e+03
   1.8503423e+03
   1.8524617e+03
   1.8525754e+03
   1.8532489e+03
   1.8535514e+03
   1.8538275e+03
   1.8542080e+03
   1.8560812e+03
   1.8561297e+03
   1.8570625e+03
   1.8603089e+03
   1.8612636e+03
   1.8622323e+03
   1.8631872e+03
   1.8635454e+03
   1.8644885e+03
   1.8653603e+03
   1.8659384e+03
   1.8668943e+03
   1.8707775e+03
   1.8710919e+03
   1.8721656e+03
   1.8724391e+03
   1.8730302e+03
   1.8731885e+03
   1.8738632e+03
   1.8742809e+03
   1.8742883e+03
   1.8750448e+03
   1.8767440e+03
   1.8775351e+03
   1.8780006e+03
   1.8788979e+03
   1.8819505e+03
   1.8833207e+03
   1.8837132e+03
   1.8839724e+03
   1.8846022e+03
   1.8846961e+03
   1.8853210e+03
   1.8860177e+03
   1.8867540e+03
   1.8872110e+03
   1.8879608e+03
   1.8880934e+03
   1.8883195e+03
   1.8889647e+03
   1.8894585e+03
   1.8909864e+03
   1.8910342e+03
   1.8913825e+03
   1.8914606e+03
   1.8925966e+03
   1.8947484e+03
   1.8955200e+03
   1.8958190e+03
   1.8970030e+03
   1.8970413e+03
   1.8988941e+03
   1.8989109e+03
   1.8995538e+03
   1.8999676e+03
   1.9010947e+03
   1.9018619e+03
   1.9034018e+03
   1.9045999e+03
   1.9051499e+03
   1.9058978e+03
   1.9069062e+03
   1.9078010e+03
   1.9096149e+03
   1.9141873e+03
   1.9145205e+03
   1.9152706e+03
   1.9154048e+03
   1.9155050e+03
   1.9177750e+03
   1.9183743e+03
   1.9208918e+03
   1.9211737e+03
   1.9211891e+03
   1.9228801e+03
   1.9233840e+03
   1.9245150e+03
   1.9252671e+03
   1.9265292e+03
   1.9268701e+03
   1.9280563e+03
   1.9284452e+03
   1.9286892e+03
   1.9300919e+03
   1.9304043e+03
   1.9314676e+03
   1.9322779e+03
   1.9337988e+03
   1.9340025e+03
   1.9365280e+03
   1.9385014e+03
   1.9392578e+03
   1.9393667e+03
   1.9395023e+03
   1.9415453e+03
   1.9419836e+03
   1.9432805e+03
   1.9456113e+03
   1.9469113e+03
   1.9477654e+03
   1.9479302e+03
   1.9481455e+03
   1.9491241e+03
   1.9492692e+03
   1.9503006e+03
   1.9507224e+03
   1.9510322e+03
   1.9510601e+03
   1.9520620e+03
   1.9546345e+03
   1.9551562e+03
   1.9562288e+03
   1.9579186e+03
   1.9582070e+03
   1.9592958e+03
   1.9595576e+03
   1.9608264e+03
   1.9618570e+03
   1.9620412e+03
   1.9625423e+03
   1.9626318e+03
   1.9629597e+03
   1.9631971e+03
   1.9637696e+03
   1.9641848e+03
   1.9656693e+03
   1.9662931e+03
   1.9671759e+03
   1.9679629e+03
   1.9681454e+03
   1.9684028e+03
   1.9708262e+03
   1.9713740e+03
   1.9720513e+03
   1.9744687e+03
   1.9746938e+03
   1.9747661e+03
   1.9760708e+03
   1.9767240e+03
   1.9771309e+03
   1.9779162e+03
   1.9783076e+03
   1.9792988e+03
   1.9815073e+03
   1.9822872e+03
   1.9827311e+03
   1.9835657e+03
   1.9842717e+03
   1.9845913e+03
   1.9847008e+03
   1.9854455e+03
   1.9857252e+03
   1.9858112e+03
   1.9867505e+03
   1.9881968e+03
   1.9884839e+03
   1.9893135e+03
   1.9903559e+03
   1.9911235e+03
   1.9912467e+03
   1.9923225e+03
   1.9925257e+03
   1.9935738e+03
   1.9939616e+03
   1.9945552e+03
   1.9953212e+03
   1.9965130e+03
   1.9966890e+03
   1.9991081e+03
   1.9998474e+03
   1.9999269e+03
   2.0007506e+03
   2.0010660e+03
   2.0022712e+03
   2.0022811e+03
   2.0022971e+03
   2.0026679e+03
   2.0027167e+03
   2.0038752e+03
   2.0047363e+03
   2.0048243e+03
   2.0060259e+03
   2.0069049e+03
   2.0069361e+03
   2.0072626e+03
   2.0078664e+03
   2.0089603e+03
   2.0091387e+03
   2.0096759e+03
   2.0099456e+03
   2.0100174e+03
   2.0105182e+03
   2.0112940e+03
   2.0119920e+03
   2.0124415e+03
   2.0126487e+03
   2.0127003e+03
   2.0134448e+03
   2.0149142e+03
   2.0160577e+03
   2.0166521e+03
   2.0180055e+03
   2.0186505e+03
   2.0189051e+03
   2.0230299e+03
   2.0244429e+03
   2.0264207e+03
   2.0277478e+03
   2.0315193e+03
   2.0321439e+03
   2.0355042e+03
   2.0355654e+03
   2.0368905e+03
   2.0376742e+03
   2.0385813e+03
   2.0397443e+03
   2.0401973e+03
   2.0405538e+03
   2.0414869e+03
   2.0422845e+03
   2.0428015e+03
   2.0429766e+03
   2.0434957e+03
   2.0439080e+03
   2.0446035e+03
   2.0448338e+03
   2.0457317e+03
   2.0461437e+03
   2.0466408e+03
   2.0470715e+03
   2.0484646e+03
   2.0485075e+03
   2.0527390e+03
   2.0545869e+03
   2.0555869e+03
   2.0564117e+03
   2.0596653e+03
   2.0598613e+03
   2.0598915e+03
   2.0611502e+03
   2.0620235e+03
   2.0621755e+03
   2.0654368e+03
   2.0655680e+03
   2.0656516e+03
   2.0668220e+03
   2.0672440e+03
   2.0689529e+03
   2.0701921e+03
   2.0718918e+03
   2.0741946e+03
   2.0756919e+03
   2.0767677e+03
   2.0769934e+03
   2.0782905e+03
   2.0788994e+03
   2.0812405e+03
   2.0832559e+03
   2.0864872e+03
   2.0896630e+03
   2.0900289e+03
   2.0907335e+03
   2.0915802e+03
   2.0920558e+03
   2.0926658e+03
   2.0926968e+03
   2.0941887e+03
   2.0975190e+03
   2.0984627e+03
   2.0993434e+03
   2.1001804e+03
   2.1019288e+03
   2.1021132e+03
   2.1030604e+03
   2.1036947e+03
   2.1043859e+03
   2.1047842e+03
   2.1053484e+03
   2.1096366e+03
   2.1102176e+03
   2.1110172e+03
   2.1115828e+03
   2.1127010e+03
   2.1130073e+03
   2.1197356e+03
   2.1214862e+03
   2.1234911e+03
   2.1252828e+03
   2.1254670e+03
   2.1269854e+03
   2.1273765e+03
   2.1275314e+03
   2.1282069e+03
   2.1284221e+03
   2.1298439e+03
   2.1304891e+03
   2.1323696e+03
   2.1331017e+03
   2.1332301e+03
   2.1340511e+03
   2.1344075e+03
   2.1355543e+03
   2.1360210e+03
   2.1368221e+03
   2.1382958e+03
   2.1390356e+03
   2.1411036e+03
   2.1426367e+03
   2.1435848e+03
   2.1444442e+03
   2.1459378e+03
   2.1459828e+03
   2.1477582e+03
   2.1484463e+03
   2.1487269e+03
   2.1498232e+03
   2.1499985e+03
   2.1516015e+03
   2.1517605e+03
   2.1523341e+03
   2.1527584e+03
   2.1529763e+03
   2.1530238e+03
   2.1532494e+03
   2.1557341e+03
   2.1567754e+03
   2.1568012e+03
   2.1571997e+03
   2.1593931e+03
   2.1604129e+03
   2.1629133e+03
   2.1682655e+03
   2.1728621e+03
   2.1737141e+03
   2.1741444e+03
   2.1756358e+03
   2.1758377e+03
   2.1758675e+03
   2.1777901e+03
   2.1780596e+03
   2.1809267e+03
   2.1847962e+03
   2.1868811e+03
   2.1885159e+03
   2.1889646e+03
   2.1899241e+03
   2.1915400e+03
   2.1928315e+03
   2.1944491e+03
   2.1955237e+03
   2.1969691e+03
   2.1973327e+03
   2.1973897e+03
   2.2011029e+03
   2.2031373e+03
   2.2056352e+03
   2.2064867e+03
   2.2082658e+03
   2.2085655e+03
   2.2091939e+03
   2.2094430e+03
   2.2112377e+03
   2.2115545e+03
   2.2136741e+03
   2.2151262e+03
   2.2155432e+03
   2.2173181e+03
   2.2186777e+03
   2.2188628e+03
   2.2190328e+03
   2.2192112e+03
   2.2228911e+03
   2.2239174e+03
   2.2250840e+03
   2.2257724e+03
   2.2261941e+03
   2.2270440e+03
   2.2280039e+03
   2.2280470e+03
   2.2303702e+03
   2.2322295e+03
   2.2335728e+03
   2.2364163e+03
   2.2391931e+03
   2.2402056e+03
   2.2406006e+03
   2.2411522e+03
   2.2415636e+03
   2.2418604e+03
   2.2443987e+03
   2.2446383e+03
   2.2459731e+03
   2.2467786e+03
   2.2469369e+03
   2.2481758e+03
   2.2490710e+03
   2.2494080e+03
   2.2495484e+03
   2.2498294e+03
   2.2504502e+03
   2.2514825e+03
   2.2515707e+03
   2.2526703e+03
   2.2528956e+03
   2.2540102e+03
   2.2547466e+03
   2.2553772e+03
   2.2559417e+03
   2.2561042e+03
   2.2594248e+03
   2.2594830e+03
   2.2600120e+03
   2.2604049e+03
   2.2604729e+03
   2.2605441e+03
   2.2611471e+03
   2.2622975e+03
   2.2625138e+03
   2.2635521e+03
   2.2644577e+03
   2.2648185e+03
   2.2668289e+03
   2.2676951e+03
   2.2682421e+03
   2.2732929e+03
   2.2739961e+03
   2.2744587e+03
   2.2774576e+03
   2.2805963e+03
   2.2808722e+03
   2.2813249e+03
   2.2822391e+03
   2.2829690e+03
   2.2842802e+03
   2.2853612e+03
   2.2867304e+03
   2.2880974e+03
   2.2891864e+03
   2.2895395e+03
   2.2899440e+03
   2.2924086e+03
   2.2926330e+03
   2.2927665e+03
   2.2937232e+03
   2.2938321e+03
   2.2965160e+03
   2.2973015e+03
   2.2986223e+03
   2.2995780e+03
   2.2997443e+03
   2.2998090e+03
   2.3009803e+03
   2.3036950e+03
   2.3050600e+03
   2.3059898e+03
   2.3062873e+03
   2.3071206e+03
   2.3072462e+03
   2.3074423e+03
   2.3095092e+03
   2.3103677e+03
   2.3141256e+03
   2.3181660e+03
   2.3213043e+03
   2.3219740e+03
   2.3223550e+03
   2.3230346e+03
   2.3295272e+03
   2.3300174e+03
   2.3313965e+03
   2.3322778e+03
   2.3339141e+03
   2.3340755e+03
   2.3372108e+03
   2.3376492e+03
   2.3381865e+03
   2.3388623e+03
   2.3388973e+03
   2.3392359e+03
   2.3399480e+03
   2.3400159e+03
   2.3439102e+03
   2.3445477e+03
   2.3449088e+03
   2.3467232e+03
   2.3469134e+03
   2.3495816e+03
   2.3509609e+03
   2.3512370e+03
   2.3546552e+03
   2.3562915e+03
   2.3565075e+03
   2.3573616e+03
   2.3587697e+03
   2.3599498e+03
   2.3599655e+03
   2.3600233e+03
   2.3611522e+03
   2.3612326e+03
   2.3613135e+03
   2.3635776e+03
   2.3640401e+03
   2.3652066e+03
   2.3652243e+03
   2.3655597e+03
   2.3656667e+03
   2.3678319e+03
   2.3679136e+03
   2.3687521e+03
   2.3688851e+03
   2.3688865e+03
   2.3711610e+03
   2.3725363e+03
   2.3760514e+03
   2.3761638e+03
   2.3763729e+03
   2.3798173e+03
   2.3799794e+03
   2.3814344e+03
   2.3816872e+03
   2.3825181e+03
   2.3827009e+03
   2.3842867e+03
   2.3877593e+03
   2.3890208e+03
   2.3937238e+03
   2.3945825e+03
   2.3958009e+03
   2.3971376e+03
   2.3974145e+03
   2.3980257e+03
   2.3991020e+03
   2.4006690e+03
   2.4018059e+03
   2.4032986e+03
   2.4064353e+03
   2.4069608e+03
   2.4076698e+03
   2.4087685e+03
   2.4100194e+03
   2.4123247e+03
   2.4134878e+03
   2.4136230e+03
   2.4145680e+03
   2.4165570e+03
   2.4183864e+03
   2.4184839e+03
   2.4190425e+03
   2.4212817e+03
   2.4213851e+03
   2.4215520e+03
   2.4228475e+03
   2.4230658e+03
   2.4232877e+03
   2.4244875e+03
   2.4253755e+03
   2.4257574e+03
   2.4259680e+03
   2.4272809e+03
   2.4288135e+03
   2.4293901e+03
   2.4321362e+03
   2.4321689e+03
   2.4343965e+03
   2.4344525e+03
   2.4347250e+03
   2.4365057e+03
   2.4368344e+03
   2.4375799e+03
   2.4417994e+03
   2.4424210e+03
   2.4436202e+03
   2.4454579e+03
   2.4459123e+03
   2.4461300e+03
   2.4463064e+03
   2.4499537e+03
   2.4502637e+03
   2.4505299e+03
   2.4522446e+03
   2.4525951e+03
   2.4545195e+03
   2.4562282e+03
   2.4562624e+03
   2.4581757e+03
   2.4584896e+03
   2.4585435e+03
   2.4595308e+03
   2.4621528e+03
   2.4627046e+03
   2.4654663e+03
   2.4668969e+03
   2.4670299e+03
   2.4713670e+03
   2.4716608e+03
   2.4739068e+03
   2.4739296e+03
   2.4746439e+03
   2.4758995e+03
   2.4767771e+03
   2.4799961e+03
   2.4823829e+03
   2.4837078e+03
   2.4844563e+03
   2.4846342e+03
   2.4847277e+03
   2.4868869e+03
   2.4881062e+03
   2.4890049e+03
   2.4898158e+03
   2.4904194e+03
   2.4906121e+03
   2.4920534e+03
   2.4937178e+03
   2.4947436e+03
   2.4953720e+03
   2.5012375e+03
   2.5014968e+03
   2.5045926e+03
   2.5053079e+03
   2.5080265e+03
   2.5098830e+03
   2.5099261e+03
   2.5102538e+03
   2.5108181e+03
   2.5111872e+03
   2.5116952e+03
   2.5121648e+03
   2.5124985e+03
   2.5125155e+03
   2.5133976e+03
   2.5146100e+03
   2.5146730e+03
   2.5164810e+03
   2.5167019e+03
   2.5225784e+03
   2.5253016e+03
   2.5274471e+03
   2.5279235e+03
   2.5280419e+03
   2.5345651e+03
   2.5347077e+03
   2.5357890e+03
   2.5382026e+03
   2.5383639e+03
   2.5393783e+03
   2.5469544e+03
   2.5535973e+03
   2.5536876e+03
   2.5541653e+03
   2.5558424e+03
   2.5635742e+03
   2.5641422e+03
   2.5664816e+03
   2.5676278e+03
   2.5713253e+03
   2.5742738e+03
   2.5750500e+03
   2.5755133e+03
   2.5779089e+03
   2.5779804e+03
   2.5788979e+03
   2.5824433e+03
   2.5859322e+03
   2.5872783e+03
   2.5896882e+03
   2.5904671e+03
   2.5907635e+03
   2.5933681e+03
   2.5942204e+03
   2.5954147e+03
   2.5960784e+03
   2.5961896e+03
   2.5969918e+03
   2.5975944e+03
   2.5987294e+03
   2.6004152e+03
   2.6040739e+03
   2.6048860e+03
   2.6057391e+03
   2.6060530e+03
   2.6062853e+03
   2.6091035e+03
   2.6091525e+03
   2.6130478e+03
   2.6134113e+03
   2.6147384e+03
   2.6161974e+03
   2.6162914e+03
   2.6165051e+03
   2.6170865e+03
   2.6177336e+03
   2.6185018e+03
   2.6189012e+03
   2.6190296e+03
   2.6210252e+03
   2.6220044e+03
   2.6233493e+03
   2.6235261e+03
   2.6237260e+03
   2.6238873e+03
   2.6239930e+03
   2.6260021e+03
   2.6260710e+03
   2.6266703e+03
   2.6271109e+03
   2.6280112e+03
   2.6290694e+03
   2.6298738e+03
   2.6305942e+03
   2.6313030e+03
   2.6320267e+03
   2.6336574e+03
   2.6350032e+03
   2.6354504e+03
   2.6355589e+03
   2.6365593e+03
   2.6367279e+03
   2.6382382e+03
   2.6394702e+03
   2.6424962e+03
   2.6441616e+03
   2.6443232e+03
   2.6536748e+03
   2.6542616e+03
   2.6561764e+03
   2.6567980e+03
   2.6571265e+03
   2.6571791e+03
   2.6601268e+03
   2.6602354e+03
   2.6608201e+03
   2.6618517e+03
   2.6626406e+03
   2.6659576e+03
   2.6679052e+03
   2.6687191e+03
   2.6689306e+03
   2.6695099e+03
   2.6711875e+03
   2.6736823e+03
   2.6745774e+03
   2.6763981e+03
   2.6772845e+03
   2.6778009e+03
   2.6778048e+03
   2.6778821e+03
   2.6795927e+03
   2.6797404e+03
   2.6815266e+03
   2.6819846e+03
   2.6832105e+03
   2.6852909e+03
   2.6873457e+03
   2.6876876e+03
   2.6878980e+03
   2.6880586e+03
   2.6881975e+03
   2.6890981e+03
   2.6915799e+03
   2.6917668e+03
   2.6939305e+03
   2.6942386e+03
   2.6945154e+03
   2.6968605e+03
   2.6976770e+03
   2.7006840e+03
   2.7009211e+03
   2.7022636e+03
   2.7026035e+03
   2.7035138e+03
   2.7037683e+03
   2.7037989e+03
   2.7059140e+03
   2.7059452e+03
   2.7075421e+03
   2.7105612e+03
   2.7123815e+03
   2.7125081e+03
   2.7134710e+03
   2.7139300e+03
   2.7145935e+03
   2.7149132e+03
   2.7176651e+03
   2.7186130e+03
   2.7198912e+03
   2.7202058e+03
   2.7208126e+03
   2.7210152e+03
   2.7233707e+03
   2.7239658e+03
   2.7250441e+03
   2.7275739e+03
   2.7278583e+03
   2.7287607e+03
   2.7290278e+03
   2.7314328e+03
   2.7320724e+03
   2.7330071e+03
   2.7330176e+03
   2.7367226e+03
   2.7381159e+03
   2.7382897e+03
   2.7413340e+03
   2.7429121e+03
   2.7455966e+03
   2.7456847e+03
   2.7485407e+03
   2.7497901e+03
   2.7501658e+03
   2.7520652e+03
   2.7541725e+03
   2.7542399e+03
   2.7552060e+03
   2.7553723e+03
   2.7554845e+03
   2.7573996e+03
   2.7577175e+03
   2.7577502e+03
   2.7583483e+03
   2.7587510e+03
   2.7592524e+03
   2.7602884e+03
   2.7602897e+03
   2.7605331e+03
   2.7607730e+03
   2.7611414e+03
   2.7619859e+03
   2.7620742e+03
   2.7625131e+03
   2.7652636e+03
   2.7655494e+03
   2.7660009e+03
   2.7669403e+03
   2.7679416e+03
   2.7679839e+03
   2.7686629e+03
   2.7712998e+03
   2.7716690e+03
   2.7722260e+03
   2.7723032e+03
   2.7729864e+03
   2.7730285e+03
   2.7773572e+03
   2.7775331e+03
   2.7789995e+03
   2.7798964e+03
   2.7806537e+03
   2.7815602e+03
   2.7838347e+03
   2.7838393e+03
   2.7874306e+03
   2.7875714e+03
   2.7885461e+03
   2.7894246e+03
   2.7909466e+03
   2.7910011e+03
   2.7927582e+03
   2.7936738e+03
   2.7977953e+03
   2.8008594e+03
   2.8008758e+03
   2.8009487e+03
   2.8013413e+03
   2.8025162e+03
   2.8030772e+03
   2.8052516e+03
   2.8058812e+03
   2.8061395e+03
   2.8065243e+03
   2.8074402e+03
   2.8079803e+03
   2.8088362e+03
   2.8094781e+03
   2.8096062e+03
   2.8117717e+03
   2.8126860e+03
   2.8140925e+03
   2.8145790e+03
   2.8157263e+03
   2.8171004e+03
   2.8172901e+03
   2.8173712e+03
   2.8175383e+03
   2.8180592e+03
   2.8185672e+03
   2.8206699e+03
   2.8209956e+03
   2.8211606e+03
   2.8218259e+03
   2.8223285e+03
   2.8227993e+03
   2.8231536e+03
   2.8233576e+03
   2.8234433e+03
   2.8235711e+03
   2.8246777e+03
   2.8248811e+03
   2.8249056e+03
   2.8258401e+03
   2.8260619e+03
   2.8262801e+03
   2.8264033e+03
   2.8267622e+03
   2.8271987e+03
   2.8274396e+03
   2.8283500e+03
   2.8289046e+03
   2.8290440e+03
   2.8299837e+03
   2.8305251e+03
   2.8317112e+03
   2.8342793e+03
   2.8350591e+03
   2.8371122e+03
   2.8377694e+03
   2.8395100e+03
   2.8410475e+03
   2.8418509e+03
   2.8423688e+03
   2.8433852e+03
   2.8435408e+03
   2.8436584e+03
   2.8450141e+03
   2.8452658e+03
   2.8456773e+03
   2.8460397e+03
   2.8466775e+03
   2.8472949e+03
   2.8477493e+03
   2.8486770e+03
   2.8487326e+03
   2.8489421e+03
   2.8491105e+03
   2.8492951e+03
   2.8493221e+03
   2.8493826e+03
   2.8497498e+03
   2.8499106e+03
   2.8512233e+03
   2.8516782e+03
   2.8521473e+03
   2.8528589e+03
   2.8541098e+03
   2.8542649e+03
   2.8544274e+03
   2.8547214e+03
   2.8547804e+03
   2.8554273e+03
   2.8557974e+03
   2.8567984e+03
   2.8572770e+03
   2.8573017e+03
   2.8576197e+03
   2.8583202e+03
   2.8593168e+03
   2.8595311e+03
   2.8602269e+03
   2.8610102e+03
   2.8612795e+03
   2.8633549e+03
   2.8647325e+03
   2.8697511e+03
   2.8699489e+03
   2.8706355e+03
   2.8727546e+03
   2.8728539e+03
   2.8737411e+03
   2.8743954e+03
   2.8764055e+03
   2.8771708e+03
   2.8777983e+03
   2.8794219e+03
   2.8804417e+03
   2.8810820e+03
   2.8818435e+03
   2.8830545e+03
   2.8836794e+03
   2.8841495e+03
   2.8844916e+03
   2.8848668e+03
   2.8850087e+03
   2.8876375e+03
   2.8895871e+03
   2.8895963e+03
   2.8918738e+03
   2.8926354e+03
   2.8928438e+03
   2.8932111e+03
   2.8933176e+03
   2.8959913e+03
   2.8973452e+03
   2.8988446e+03
   2.8991574e+03
   2.8995527e+03
   2.8998452e+03
   2.9000745e+03
   2.9019333e+03
   2.9023563e+03
   2.9027479e+03
   2.9038210e+03
   2.9039883e+03
   2.9057557e+03
   2.9073202e+03
   2.9088653e+03
   2.9091382e+03
   2.9093015e+03
   2.9094609e+03
   2.9101423e+03
   2.9113054e+03
   2.9116555e+03
   2.9119050e+03
   2.9119737e+03
   2.9120862e+03
   2.9121184e+03
   2.9127439e+03
   2.9139521e+03
   2.9143205e+03
   2.9145264e+03
   2.9148269e+03
   2.9165561e+03
   2.9171385e+03
   2.9191521e+03
   2.9195539e+03
   2.9202883e+03
   2.9203231e+03
   2.9218600e+03
   2.9223004e+03
   2.9224512e+03
   2.9241653e+03
   2.9251816e+03
   2.9258185e+03
   2.9275778e+03
   2.9276838e+03
   2.9289994e+03
   2.9298135e+03
   2.9302805e+03
   2.9308609e+03
   2.9313633e+03
   2.9320309e+03
   2.9336040e+03
   2.9344060e+03
   2.9355039e+03
   2.9359762e+03
   2.9360092e+03
   2.9360834e+03
   2.9365741e+03
   2.9372135e+03
   2.9373405e+03
   2.9374176e+03
   2.9386561e+03
   2.9394301e+03
   2.9396379e+03
   2.9397025e+03
   2.9400150e+03
   2.9416217e+03
   2.9445334e+03
   2.9451192e+03
   2.9459776e+03
   2.9469522e+03
   2.9470703e+03
   2.9473750e+03
   2.9476560e+03
   2.9479552e+03
   2.9482679e+03
   2.9488458e+03
   2.9494302e+03
   2.9503630e+03
   2.9504864e+03
   2.9515162e+03
   2.9518585e+03
   2.9538463e+03
   2.9547283e+03
   2.9569311e+03
   2.9582173e+03
   2.9591778e+03
   2.9599806e+03
   2.9602760e+03
   2.9606569e+03
   2.9641806e+03
   2.9642712e+03
   2.9646102e+03
   2.9659864e+03
   2.9665868e+03
   2.9672253e+03
   2.9682253e+03
   2.9693623e+03
   2.9698511e+03
   2.9708190e+03
   2.9720165e+03
   2.9734167e+03
   2.9734635e+03
   2.9802899e+03
   2.9830568e+03
   2.9840271e+03
   2.9862389e+03
   2.9862557e+03
   2.9865905e+03
   2.9875074e+03
   2.9879357e+03
   2.9880105e+03
   2.9893787e+03
   2.9895228e+03
   2.9907018e+03
   2.9927941e+03
   2.9929118e+03
   2.9945386e+03
   2.9953155e+03
   2.9958980e+03
   2.9983232e+03
   2.9992908e+03
   3.0003041e+03
   3.0004585e+03
   3.0019481e+03
   3.0031488e+03
   3.0037765e+03
   3.0042183e+03
   3.0048219e+03
   3.0061567e+03
   3.0061960e+03
   3.0095215e+03
   3.0112882e+03
   3.0118713e+03
   3.0122552e+03
   3.0126815e+03
   3.0132361e+03
   3.0132789e+03
   3.0139682e+03
   3.0147310e+03
   3.0193387e+03
   3.0204862e+03
   3.0207047e+03
   3.0215638e+03
   3.0227312e+03
   3.0241179e+03
   3.0261685e+03
   3.0265060e+03
   3.0271019e+03
   3.0278252e+03
   3.0282146e+03
   3.0286072e+03
   3.0287052e+03
   3.0291849e+03
   3.0318604e+03
   3.0325423e+03
   3.0331691e+03
   3.0344741e+03
   3.0344833e+03
   3.0346254e+03
   3.0357238e+03
   3.0360842e+03
   3.0363283e+03
   3.0368736e+03
   3.0385676e+03
   3.0407737e+03
   3.0426762e+03
   3.0431674e+03
   3.0433812e+03
   3.0445233e+03
   3.0450305e+03
   3.0451159e+03
   3.0459471e+03
   3.0467562e+03
   3.0475426e+03
   3.0477843e+03
   3.0489160e+03
   3.0489588e+03
   3.0489707e+03
   3.0491781e+03
   3.0535166e+03
   3.0536169e+03
   3.0536497e+03
   3.0537385e+03
   3.0542694e+03
   3.0542993e+03
   3.0543195e+03
   3.0559817e+03
   3.0560817e+03
   3.0570145e+03
   3.0573892e+03
   3.0591680e+03
   3.0618259e+03
   3.0620822e+03
   3.0636952e+03
   3.0642809e+03
   3.0643652e+03
   3.0662991e+03
   3.0682302e+03
   3.0693522e+03
   3.0696680e+03
   3.0699982e+03
   3.0700734e+03
   3.0712548e+03
   3.0732991e+03
   3.0744629e+03
   3.0751042e+03
   3.0751606e+03
   3.0752724e+03
   3.0774088e+03
   3.0785249e+03
   3.0792182e+03
   3.0809641e+03
   3.0812797e+03
   3.0813071e+03
   3.0832366e+03
   3.0838486e+03
   3.0845667e+03
   3.0851255e+03
   3.0854077e+03
   3.0858920e+03
   3.0859100e+03
   3.0866932e+03
   3.0868253e+03
   3.0890134e+03
   3.0902458e+03
   3.0911175e+03
   3.0911746e+03
   3.0913613e+03
   3.0917317e+03
   3.0940498e+03
   3.0941925e+03
   3.0964033e+03
   3.0965392e+03
   3.0979142e+03
   3.0983855e+03
   3.0999322e+03
   3.1000456e+03
   3.1023173e+03
   3.1028272e+03
   3.1044587e+03
   3.1061566e+03
   3.1087802e+03
   3.1092358e+03
   3.1096108e+03
   3.1100278e+03
   3.1106398e+03
   3.1109145e+03
   3.1112423e+03
   3.1113036e+03
   3.1118111e+03
   3.1141266e+03
   3.1155442e+03
   3.1155881e+03
   3.1175190e+03
   3.1181426e+03
   3.1197346e+03
   3.1203518e+03
   3.1258152e+03
   3.1283492e+03
   3.1283924e+03
   3.1311624e+03
   3.1315866e+03
   3.1330424e+03
   3.1335654e+03
   3.1340938e+03
   3.1343483e+03
   3.1366261e+03
   3.1383038e+03
   3.1387837e+03
   3.1389723e+03
   3.1398091e+03
   3.1414182e+03
   3.1418925e+03
   3.1421815e+03
   3.1428549e+03
   3.1438688e+03
   3.1440987e+03
   3.1443654e+03
   3.1446526e+03
   3.1449544e+03
   3.1451480e+03
   3.1454655e+03
   3.1494495e+03
   3.1496921e+03
   3.1496973e+03
   3.1503187e+03
   3.1523772e+03
   3.1527688e+03
   3.1530171e+03
   3.1534267e+03
   3.1541802e+03
   3.1542008e+03
   3.1563587e+03
   3.1564655e+03
   3.1590788e+03
   3.1594280e+03
   3.1595048e+03
   3.1604077e+03
   3.1618807e+03
   3.1624447e+03
   3.1633072e+03
   3.1633904e+03
   3.1643926e+03
   3.1664571e+03
   3.1666780e+03
   3.1669698e+03
   3.1692943e+03
   3.1697191e+03
   3.1699706e+03
   3.1705084e+03
   3.1717535e+03
   3.1722290e+03
   3.1723652e+03
   3.1742998e+03
   3.1744315e+03
   3.1754435e+03
   3.1755878e+03
   3.1780558e+03
   3.1784568e+03
   3.1785714e+03
   3.1824788e+03
   3.1837272e+03
   3.1860553e+03
   3.1865837e+03
   3.1868376e+03
   3.1884062e+03
   3.1899540e+03
   3.1919423e+03
   3.1929256e+03
   3.1931588e+03
   3.1972579e+03
   3.1973559e+03
   3.1974685e+03
   3.1987556e+03
   3.1996020e+03
   3.1997029e+03
   3.2000728e+03
   3.2007720e+03
   3.2008925e+03
   3.2015855e+03
   3.2034613e+03
   3.2037696e+03
   3.2079611e+03
   3.2083870e+03
   3.2109764e+03
   3.2118731e+03
   3.2135159e+03
   3.2135182e+03
   3.2141987e+03
   3.2152792e+03
   3.2159692e+03
   3.2161054e+03
   3.2170505e+03
   3.2177145e+03
   3.2177171e+03
   3.2187153e+03
   3.2193119e+03
   3.2209972e+03
   3.2213343e+03
   3.2213359e+03
   3.2216085e+03
   3.2216600e+03
   3.2230616e+03
   3.2236297e+03
   3.2246261e+03
   3.2253879e+03
   3.2270581e+03
   3.2273513e+03
   3.2281260e+03
   3.2306384e+03
   3.2308448e+03
   3.2317585e+03
   3.2325208e+03
   3.2325500e+03
   3.2335517e+03
   3.2336759e+03
   3.2351637e+03
   3.2372076e+03
   3.2378532e+03
   3.2380789e+03
   3.2390977e+03
   3.2392055e+03
   3.2395214e+03
   3.2396245e+03
   3.2415763e+03
   3.2423832e+03
   3.2435471e+03
   3.2441293e+03
   3.2457905e+03
   3.2475622e+03
   3.2484617e+03
   3.2496238e+03
   3.2502552e+03
   3.2511811e+03
   3.2512588e+03
   3.2524557e+03
   3.2525770e+03
   3.2525806e+03
   3.2536905e+03
   3.2540770e+03
   3.2557630e+03
   3.2569926e+03
   3.2573632e+03
   3.2580147e+03
   3.2584701e+03
   3.2607280e+03
   3.2634774e+03
   3.2641420e+03
   3.2643596e+03
   3.2644592e+03
   3.2652497e+03
   3.2662265e+03
   3.2671641e+03
   3.2675464e+03
   3.2686501e+03
   3.2687422e+03
   3.2696108e+03
   3.2714936e+03
   3.2746387e+03
   3.2753828e+03
   3.2755138e+03
   3.2756050e+03
   3.2767423e+03
   3.2780974e+03
   3.2784865e+03
   3.2787167e+03
   3.2788631e+03
   3.2791737e+03
   3.2795013e+03
   3.2805384e+03
   3.2818630e+03
   3.2829414e+03
   3.2843870e+03
   3.2888839e+03
   3.2894879e+03
   3.2897112e+03
   3.2900817e+03
   3.2905376e+03
   3.2917495e+03
   3.2918346e+03
   3.2919512e+03
   3.2934867e+03
   3.2934925e+03
   3.2950447e+03
   3.2999854e+03
   3.3004827e+03
   3.3009945e+03
   3.3010408e+03
   3.3020454e+03
   3.3036826e+03
   3.3040240e+03
   3.3049527e+03
   3.3057922e+03
   3.3064048e+03
   3.3066620e+03
   3.3067111e+03
   3.3067630e+03
   3.3087929e+03
   3.3103428e+03
   3.3113365e+03
   3.3113406e+03
   3.3134241e+03
   3.3159315e+03
   3.3164543e+03
   3.3172147e+03
   3.3196092e+03
   3.3211107e+03
   3.3214091e+03
   3.3223575e+03
   3.3237591e+03
   3.3249819e+03
   3.3256339e+03
   3.3257252e+03
   3.3279737e+03
   3.3295167e+03
   3.3334786e+03
   3.3337176e+03
   3.3341050e+03
   3.3343401e+03
   3.3348307e+03
   3.3348426e+03
   3.3375861e+03
   3.3386681e+03
   3.3404347e+03
   3.3407514e+03
   3.3419372e+03
   3.3420127e+03
   3.3436274e+03
   3.3436711e+03
   3.3447920e+03
   3.3453245e+03
   3.3456650e+03
   3.3461114e+03
   3.3471570e+03
   3.3472263e+03
   3.3480078e+03
   3.3481132e+03
   3.3482033e+03
   3.3509087e+03
   3.3511968e+03
   3.3512717e+03
   3.3519469e+03
   3.3525850e+03
   3.3552972e+03
   3.3558533e+03
   3.3567056e+03
   3.3595725e+03
   3.3597023e+03
   3.3614133e+03
   3.3627399e+03
   3.3627772e+03
   3.3629705e+03
   3.3631334e+03
   3.3664894e+03
   3.3695010e+03
   3.3695212e+03
   3.3714673e+03
   3.3716099e+03
   3.3726606e+03
   3.3730788e+03
   3.3786428e+03
   3.3788007e+03
   3.3802372e+03
   3.3821458e+03
   3.3825285e+03
   3.3826199e+03
   3.3842116e+03
   3.3869118e+03
   3.3870613e+03
   3.3875427e+03
   3.3880064e+03
   3.3884407e+03
   3.3884658e+03
   3.3885262e+03
   3.3888322e+03
   3.3900089e+03
   3.3900620e+03
   3.3904948e+03
   3.3911239e+03
   3.3920313e+03
   3.3924017e+03
   3.3932744e+03
   3.3963762e+03
   3.3965368e+03
   3.3989947e+03
   3.4018448e+03
   3.4018518e+03
   3.4030977e+03
   3.4038118e+03
   3.4043606e+03
   3.4044847e+03
   3.4070103e+03
   3.4102276e+03
   3.4104441e+03
   3.4105709e+03
   3.4136389e+03
   3.4140773e+03
   3.4154624e+03
   3.4159488e+03
   3.4179632e+03
   3.4186091e+03
   3.4211602e+03
   3.4214700e+03
   3.4215503e+03
   3.4219448e+03
   3.4227745e+03
   3.4227975e+03
   3.4232137e+03
   3.4249380e+03
   3.4262547e+03
   3.4287614e+03
   3.4305334e+03
   3.4315300e+03
   3.4335665e+03
   3.4351564e+03
   3.4360126e+03
   3.4405729e+03
   3.4415313e+03
   3.4434347e+03
   3.4438819e+03
   3.4468779e+03
   3.4475138e+03
   3.4503241e+03
   3.4509694e+03
   3.4513993e+03
   3.4519041e+03
   3.4520264e+03
   3.4524235e+03
   3.4530954e+03
   3.4545368e+03
   3.4550853e+03
   3.4558958e+03
   3.4596887e+03
   3.4597414e+03
   3.4605006e+03
   3.4637779e+03
   3.4652888e+03
   3.4661233e+03
   3.4667919e+03
   3.4696627e+03
   3.4709979e+03
   3.4710072e+03
   3.4712216e+03
   3.4731020e+03
   3.4733068e+03
   3.4733752e+03
   3.4747653e+03
   3.4765507e+03
   3.4768327e+03
   3.4770395e+03
   3.4777550e+03
   3.4784610e+03
   3.4790663e+03
   3.4799957e+03
   3.4800507e+03
   3.4802191e+03
   3.4806578e+03
   3.4825515e+03
   3.4843005e+03
   3.4856450e+03
   3.4861487e+03
   3.4887673e+03
   3.4912689e+03
   3.4914251e+03
   3.4946783e+03
   3.4950613e+03
   3.4977294e+03
   3.4978994e+03
   3.4981275e+03
   3.4987597e+03
   3.5000370e+03
   3.5022227e+03
   3.5027929e+03
   3.5031442e+03
   3.5037588e+03
   3.5041517e+03
   3.5042328e+03
   3.5053607e+03
   3.5056683e+03
   3.5069407e+03
   3.5070412e+03
   3.5082556e+03
   3.5083724e+03
   3.5108466e+03
   3.5115906e+03
   3.5117706e+03
   3.5120319e+03
   3.5122491e+03
   3.5134641e+03
   3.5140889e+03
   3.5157535e+03
   3.5175963e+03
   3.5184012e+03
   3.5211908e+03
   3.5216615e+03
   3.5228587e+03
   3.5244844e+03
   3.5248010e+03
   3.5265771e+03
   3.5267109e+03
   3.5271367e+03
   3.5275768e+03
   3.5287632e+03
   3.5289005e+03
   3.5289446e+03
   3.5292489e+03
   3.5300071e+03
   3.5309572e+03
   3.5311033e+03
   3.5314412e+03
   3.5315217e+03
   3.5323079e+03
   3.5327101e+03
   3.5345759e+03
   3.5346640e+03
   3.5349702e+03
   3.5359944e+03
   3.5371997e+03
   3.5381351e+03
   3.5408836e+03
   3.5411264e+03
   3.5435046e+03
   3.5441268e+03
   3.5443271e+03
   3.5452470e+03
   3.5455124e+03
