   6.6195000e-01
   1.6723250e+00
   1.7947250e+00
   2.0372000e+00
   3.3697500e+00
   4.0404250e+00
   4.7293500e+00
   4.8040500e+00
   5.0590000e+00
   5.1407000e+00
   6.0926250e+00
   6.3132000e+00
   7.6372750e+00
   8.3440250e+00
   9.1061750e+00
   9.3759500e+00
   9.4460250e+00
   9.5199250e+00
   9.9298500e+00
   1.0205425e+01
   1.0628275e+01
   1.1075650e+01
   1.1227875e+01
   1.1919600e+01
   1.2074550e+01
   1.2290525e+01
   1.2295850e+01
   1.3414450e+01
   1.4394425e+01
   1.6099225e+01
   1.6164725e+01
   1.6746525e+01
   1.6806900e+01
   1.8295400e+01
   1.8436450e+01
   1.9416550e+01
   2.1582350e+01
   2.1800275e+01
   2.1887950e+01
   2.2103275e+01
   2.2858125e+01
   2.2960100e+01
   2.3800825e+01
   2.4904675e+01
   2.5036200e+01
   2.5216050e+01
   2.6088725e+01
   2.6200450e+01
   2.8626650e+01
   2.8832200e+01
   2.8957075e+01
   3.0240800e+01
   3.2061250e+01
   3.2307850e+01
   3.3767700e+01
   3.6119125e+01
   3.6786825e+01
   3.8133150e+01
   3.8559950e+01
   3.9645575e+01
   4.0372275e+01
   4.1622200e+01
   4.2235125e+01
   4.3797975e+01
   4.5568450e+01
   4.5931175e+01
   4.7450900e+01
   4.7837750e+01
   4.7920375e+01
   4.9589300e+01
   5.0619625e+01
   5.3423800e+01
   5.3610400e+01
   5.3945250e+01
   5.4432500e+01
   5.5050275e+01
   5.6519300e+01
   5.6909425e+01
   6.1864025e+01
   6.2476650e+01
   6.2581350e+01
   6.2771775e+01
   6.4197625e+01
   6.5189525e+01
   6.5362675e+01
   6.5564550e+01
   6.6151275e+01
   6.6655850e+01
   6.7441450e+01
   6.8534375e+01
   6.9344350e+01
   6.9474350e+01
   7.0189675e+01
   7.0608100e+01
   7.0877500e+01
   7.5376675e+01
   7.5636575e+01
   7.6087975e+01
   7.7027575e+01
   7.7119850e+01
   7.8428300e+01
   7.9024850e+01
   7.9540125e+01
   8.0501075e+01
   8.2345000e+01
   8.4154200e+01
   8.4343625e+01
   8.4362025e+01
   8.5234250e+01
   8.6103350e+01
   8.6698150e+01
   8.6839150e+01
   8.7136075e+01
   8.7564900e+01
   8.7725475e+01
   9.0229275e+01
   9.0420875e+01
   9.0759575e+01
   9.1040175e+01
   9.1996275e+01
   9.2209875e+01
   9.2632125e+01
   9.2752725e+01
   9.3345150e+01
   9.3706875e+01
   9.3753175e+01
   9.4004650e+01
   9.4563900e+01
   9.4792950e+01
   9.5922700e+01
   9.5936675e+01
   9.6358250e+01
   9.6510975e+01
   9.8679875e+01
   9.8808450e+01
   9.8980425e+01
   9.9028075e+01
   9.9275225e+01
   1.0033733e+02
   1.0096490e+02
   1.0252795e+02
   1.0356475e+02
   1.0389380e+02
   1.0431767e+02
   1.0436575e+02
   1.0504743e+02
   1.0592615e+02
   1.0614185e+02
   1.0626595e+02
   1.0639137e+02
   1.0695642e+02
   1.0723398e+02
   1.0738450e+02
   1.0751255e+02
   1.0835927e+02
   1.0852310e+02
   1.0853370e+02
   1.0890575e+02
   1.0927630e+02
   1.0936920e+02
   1.0946922e+02
   1.0985340e+02
   1.1032868e+02
   1.1127595e+02
   1.1234030e+02
   1.1240780e+02
   1.1305235e+02
   1.1322598e+02
   1.1433325e+02
   1.1438065e+02
   1.1511293e+02
   1.1534425e+02
   1.1558917e+02
   1.1575222e+02
   1.1595718e+02
   1.1640412e+02
   1.1691030e+02
   1.1703460e+02
   1.1764355e+02
   1.1787363e+02
   1.1892790e+02
   1.2001757e+02
   1.2096082e+02
   1.2104937e+02
   1.2146180e+02
   1.2204170e+02
   1.2218783e+02
   1.2397640e+02
   1.2408870e+02
   1.2463027e+02
   1.2473720e+02
   1.2495030e+02
   1.2500153e+02
   1.2543408e+02
   1.2571365e+02
   1.2611343e+02
   1.2616277e+02
   1.2656765e+02
   1.2665860e+02
   1.2681375e+02
   1.2724202e+02
   1.2724617e+02
   1.2731960e+02
   1.2840998e+02
   1.2851003e+02
   1.2852793e+02
   1.2942077e+02
   1.3055132e+02
   1.3105745e+02
   1.3123835e+02
   1.3142130e+02
   1.3161707e+02
   1.3191153e+02
   1.3425518e+02
   1.3486288e+02
   1.3526522e+02
   1.3582885e+02
   1.3696130e+02
   1.3779815e+02
   1.3804360e+02
   1.3816583e+02
   1.3867327e+02
   1.3974762e+02
   1.3986652e+02
   1.3988385e+02
   1.4003315e+02
   1.4019102e+02
   1.4147635e+02
   1.4160258e+02
   1.4305110e+02
   1.4341490e+02
   1.4426028e+02
   1.4440703e+02
   1.4538600e+02
   1.4617025e+02
   1.4706020e+02
   1.4912495e+02
   1.4935125e+02
   1.4976400e+02
   1.5058815e+02
   1.5214160e+02
   1.5301030e+02
   1.5395177e+02
   1.5414302e+02
   1.5482577e+02
   1.5517912e+02
   1.5673335e+02
   1.5712822e+02
   1.5751558e+02
   1.5844968e+02
   1.5848317e+02
   1.5852672e+02
   1.5903408e+02
   1.5944980e+02
   1.6081043e+02
   1.6105517e+02
   1.6116135e+02
   1.6141383e+02
   1.6208825e+02
   1.6217058e+02
   1.6402875e+02
   1.6519182e+02
   1.6522442e+02
   1.6572807e+02
   1.6615690e+02
   1.6660612e+02
   1.6677273e+02
   1.6679595e+02
   1.6774812e+02
   1.6912305e+02
   1.6922795e+02
   1.6929853e+02
   1.6946873e+02
   1.7015100e+02
   1.7052427e+02
   1.7068535e+02
   1.7157513e+02
   1.7352895e+02
   1.7383357e+02
   1.7408575e+02
   1.7569272e+02
   1.8063338e+02
   1.8153428e+02
   1.8206533e+02
   1.8331942e+02
   1.8387590e+02
   1.8421572e+02
   1.8506915e+02
   1.8553467e+02
   1.8662355e+02
   1.8896132e+02
   1.8913032e+02
   1.9072945e+02
   1.9100182e+02
   1.9297575e+02
   1.9327030e+02
   1.9382247e+02
   1.9460685e+02
   1.9512197e+02
   1.9536910e+02
   1.9621175e+02
   1.9624985e+02
   1.9671998e+02
   1.9792372e+02
   1.9804750e+02
   1.9993902e+02
   2.0003165e+02
   2.0070863e+02
   2.0085630e+02
   2.0096322e+02
   2.0183110e+02
   2.0212435e+02
   2.0272885e+02
   2.0286642e+02
   2.0287037e+02
   2.0327363e+02
   2.0349582e+02
   2.0393003e+02
   2.0472092e+02
   2.0508715e+02
   2.0524765e+02
   2.0549947e+02
   2.0625845e+02
   2.0671463e+02
   2.0751487e+02
   2.0774820e+02
   2.0800425e+02
   2.0814507e+02
   2.0880225e+02
   2.0913380e+02
   2.0963018e+02
   2.0969608e+02
   2.1011810e+02
   2.1071395e+02
   2.1113835e+02
   2.1118762e+02
   2.1184735e+02
   2.1351448e+02
   2.1441415e+02
   2.1455113e+02
   2.1545025e+02
   2.1552275e+02
   2.1604485e+02
   2.1628547e+02
   2.1648392e+02
   2.1711873e+02
   2.1787633e+02
   2.1923190e+02
   2.1938390e+02
   2.1983490e+02
   2.2115060e+02
   2.2200287e+02
   2.2240470e+02
   2.2520972e+02
   2.2551705e+02
   2.2573770e+02
   2.2636673e+02
   2.2655580e+02
   2.2725655e+02
   2.2727107e+02
   2.2774390e+02
   2.2827978e+02
   2.2849365e+02
   2.2932452e+02
   2.3145025e+02
   2.3278817e+02
   2.3344518e+02
   2.3403955e+02
   2.3733800e+02
   2.3826885e+02
   2.3875975e+02
   2.3885622e+02
   2.3899623e+02
   2.3899918e+02
   2.3940678e+02
   2.4068510e+02
   2.4083578e+02
   2.4136652e+02
   2.4163490e+02
   2.4173820e+02
   2.4270345e+02
   2.4397810e+02
   2.4441338e+02
   2.4476700e+02
   2.4576450e+02
   2.4658148e+02
   2.4669290e+02
   2.4701755e+02
   2.4737650e+02
   2.4827077e+02
   2.4940315e+02
   2.4971260e+02
   2.5110593e+02
   2.5116215e+02
   2.5121693e+02
   2.5124007e+02
   2.5213775e+02
   2.5236120e+02
   2.5281782e+02
   2.5308167e+02
   2.5417878e+02
   2.5495882e+02
   2.5540295e+02
   2.5721070e+02
   2.5734152e+02
   2.5741953e+02
   2.5764112e+02
   2.5798285e+02
   2.6046328e+02
   2.6102598e+02
   2.6167085e+02
   2.6200750e+02
   2.6257367e+02
   2.6264418e+02
   2.6320110e+02
   2.6331477e+02
   2.6363572e+02
   2.6401700e+02
   2.6433455e+02
   2.6553792e+02
   2.6736375e+02
   2.6738875e+02
   2.6758562e+02
   2.6788833e+02
   2.6866638e+02
   2.6897650e+02
   2.7047965e+02
   2.7181027e+02
   2.7295520e+02
   2.7343330e+02
   2.7402870e+02
   2.7408540e+02
   2.7454020e+02
   2.7472800e+02
   2.7536388e+02
   2.7559370e+02
   2.7604410e+02
   2.7616492e+02
   2.7694550e+02
   2.7705482e+02
   2.7791570e+02
   2.7844310e+02
   2.7930565e+02
   2.7952930e+02
   2.7970885e+02
   2.8040585e+02
   2.8087782e+02
   2.8195040e+02
   2.8330745e+02
   2.8359492e+02
   2.8373015e+02
   2.8409385e+02
   2.8440458e+02
   2.8532210e+02
   2.8557078e+02
   2.8682225e+02
   2.8698573e+02
   2.8739832e+02
   2.8810920e+02
   2.8858590e+02
   2.8920470e+02
   2.9080863e+02
   2.9294340e+02
   2.9337220e+02
   2.9359582e+02
   2.9364348e+02
   2.9380052e+02
   2.9446792e+02
   2.9493878e+02
   2.9516737e+02
   2.9605712e+02
   2.9644705e+02
   2.9677160e+02
   2.9704230e+02
   2.9842515e+02
   2.9842762e+02
   2.9852087e+02
   2.9866010e+02
   2.9887428e+02
   2.9906712e+02
   2.9916195e+02
   2.9958110e+02
   2.9966060e+02
   3.0001038e+02
   3.0081768e+02
   3.0086185e+02
   3.0117340e+02
   3.0145493e+02
   3.0159905e+02
   3.0205275e+02
   3.0234303e+02
   3.0282975e+02
   3.0290098e+02
   3.0299495e+02
   3.0449520e+02
   3.0480865e+02
   3.0491677e+02
   3.0665593e+02
   3.0711940e+02
   3.0757923e+02
   3.0780940e+02
   3.0821432e+02
   3.1021955e+02
   3.1044642e+02
   3.1070870e+02
   3.1127435e+02
   3.1176072e+02
   3.1182882e+02
   3.1232862e+02
   3.1262485e+02
   3.1291990e+02
   3.1349665e+02
   3.1386335e+02
   3.1478080e+02
   3.1549735e+02
   3.1653927e+02
   3.1675745e+02
   3.1680473e+02
   3.1763865e+02
   3.1839140e+02
   3.1852477e+02
   3.1860370e+02
   3.1882795e+02
   3.1926590e+02
   3.1963608e+02
   3.2124050e+02
   3.2193920e+02
   3.2197818e+02
   3.2205052e+02
   3.2351610e+02
   3.2435122e+02
   3.2749852e+02
   3.3081487e+02
   3.3189443e+02
   3.3211187e+02
   3.3329507e+02
   3.3386962e+02
   3.3392085e+02
   3.3461987e+02
   3.3518100e+02
   3.3526535e+02
   3.3541365e+02
   3.3552670e+02
   3.3608455e+02
   3.3639447e+02
   3.3657730e+02
   3.3795637e+02
   3.3817525e+02
   3.3902495e+02
   3.3925932e+02
   3.3987667e+02
   3.4000280e+02
   3.4018515e+02
   3.4065795e+02
   3.4137900e+02
   3.4203087e+02
   3.4300390e+02
   3.4410535e+02
   3.4472258e+02
   3.4524955e+02
   3.4622560e+02
   3.4668600e+02
   3.4679935e+02
   3.4747520e+02
   3.4770997e+02
   3.4908312e+02
   3.4946680e+02
   3.5047228e+02
   3.5059078e+02
   3.5138180e+02
   3.5164700e+02
   3.5177452e+02
   3.5303183e+02
   3.5310580e+02
   3.5311917e+02
   3.5394783e+02
   3.5476508e+02
   3.5497728e+02
   3.5668777e+02
   3.5734675e+02
   3.5778638e+02
   3.5879953e+02
   3.5902190e+02
   3.5914772e+02
   3.5984787e+02
   3.6008682e+02
   3.6116938e+02
   3.6171603e+02
   3.6274035e+02
   3.6277098e+02
   3.6470027e+02
   3.6471888e+02
   3.6489405e+02
   3.6542865e+02
   3.6550072e+02
   3.6576815e+02
   3.6694862e+02
   3.6695125e+02
   3.6787960e+02
   3.6794710e+02
   3.6815360e+02
   3.6877695e+02
   3.6921895e+02
   3.6956035e+02
   3.7001853e+02
   3.7012880e+02
   3.7208630e+02
   3.7219522e+02
   3.7261827e+02
   3.7296860e+02
   3.7322447e+02
   3.7344158e+02
   3.7392430e+02
   3.7452155e+02
   3.7569605e+02
   3.7573077e+02
   3.7588135e+02
   3.7600220e+02
   3.7639502e+02
   3.7740217e+02
   3.7787700e+02
   3.7839745e+02
   3.7940050e+02
   3.7965740e+02
   3.7997947e+02
   3.8175165e+02
   3.8190348e+02
   3.8219493e+02
   3.8252975e+02
   3.8268685e+02
   3.8351055e+02
   3.8381150e+02
   3.8521295e+02
   3.8615427e+02
   3.8638533e+02
   3.8653545e+02
   3.8676603e+02
   3.8737240e+02
   3.8747373e+02
   3.8782695e+02
   3.8921105e+02
   3.8934120e+02
   3.8989783e+02
   3.9181347e+02
   3.9206892e+02
   3.9208227e+02
   3.9257133e+02
   3.9328140e+02
   3.9387428e+02
   3.9401365e+02
   3.9427413e+02
   3.9451993e+02
   3.9490918e+02
   3.9527783e+02
   3.9577382e+02
   3.9590503e+02
   3.9626585e+02
   3.9724020e+02
   3.9748345e+02
   3.9762583e+02
   3.9844673e+02
   3.9894375e+02
   3.9914837e+02
   3.9938502e+02
   3.9948917e+02
   3.9970235e+02
   3.9973735e+02
   4.0043687e+02
   4.0052695e+02
   4.0067270e+02
   4.0088330e+02
   4.0119465e+02
   4.0126367e+02
   4.0131790e+02
   4.0151195e+02
   4.0176148e+02
   4.0240553e+02
   4.0254802e+02
   4.0324982e+02
   4.0348505e+02
   4.0376707e+02
   4.0403888e+02
   4.0514070e+02
   4.0629810e+02
   4.0637560e+02
   4.0660307e+02
   4.0685740e+02
   4.0701065e+02
   4.0723237e+02
   4.0735667e+02
   4.0740670e+02
   4.0748458e+02
   4.0793367e+02
   4.0803585e+02
   4.0882587e+02
   4.0893993e+02
   4.0922132e+02
   4.0926335e+02
   4.0969290e+02
   4.1028578e+02
   4.1045715e+02
   4.1093780e+02
   4.1135647e+02
   4.1171053e+02
   4.1223577e+02
   4.1235633e+02
   4.1252125e+02
   4.1288815e+02
   4.1484470e+02
   4.1502758e+02
   4.1548015e+02
   4.1607850e+02
   4.1631493e+02
   4.1639545e+02
   4.1823515e+02
   4.1939547e+02
   4.1991118e+02
   4.2017683e+02
   4.2068818e+02
   4.2227193e+02
   4.2414157e+02
   4.2450693e+02
   4.2464493e+02
   4.2471893e+02
   4.2482238e+02
   4.2542245e+02
   4.2661662e+02
   4.2800340e+02
   4.2881038e+02
   4.3173345e+02
   4.3177055e+02
   4.3186037e+02
   4.3197453e+02
   4.3244945e+02
   4.3257797e+02
   4.3318232e+02
   4.3323287e+02
   4.3426015e+02
   4.3476137e+02
   4.3485017e+02
   4.3727283e+02
   4.3764033e+02
   4.3773082e+02
   4.3864787e+02
   4.3904368e+02
   4.3919650e+02
   4.3985372e+02
   4.3985672e+02
   4.4063835e+02
   4.4064250e+02
   4.4175965e+02
   4.4214497e+02
   4.4245090e+02
   4.4276015e+02
   4.4408035e+02
   4.4616415e+02
   4.4688482e+02
   4.4695100e+02
   4.4798380e+02
   4.4897787e+02
   4.4911018e+02
   4.4926790e+02
   4.4975295e+02
   4.5060453e+02
   4.5072285e+02
   4.5083913e+02
   4.5094640e+02
   4.5117122e+02
   4.5167960e+02
   4.5181085e+02
   4.5198925e+02
   4.5232090e+02
   4.5244180e+02
   4.5247265e+02
   4.5258152e+02
   4.5304672e+02
   4.5381610e+02
   4.5454902e+02
   4.5483615e+02
   4.5514535e+02
   4.5518523e+02
   4.5530322e+02
   4.5603877e+02
   4.5693878e+02
   4.5718072e+02
   4.5723528e+02
   4.5734753e+02
   4.5769477e+02
   4.5795033e+02
   4.5848050e+02
   4.6065885e+02
   4.6101567e+02
   4.6115798e+02
   4.6160425e+02
   4.6218110e+02
   4.6232403e+02
   4.6251755e+02
   4.6288297e+02
   4.6300218e+02
   4.6382488e+02
   4.6396067e+02
   4.6406535e+02
   4.6408983e+02
   4.6414535e+02
   4.6466312e+02
   4.6527185e+02
   4.6652230e+02
   4.6748595e+02
   4.6766395e+02
   4.6989065e+02
   4.6995580e+02
   4.7037715e+02
   4.7064480e+02
   4.7121935e+02
   4.7128472e+02
   4.7172323e+02
   4.7172643e+02
   4.7219257e+02
   4.7257137e+02
   4.7314950e+02
   4.7436343e+02
   4.7444550e+02
   4.7457043e+02
   4.7477190e+02
   4.7664980e+02
   4.7675850e+02
   4.7689382e+02
   4.7733550e+02
   4.7777850e+02
   4.7823855e+02
   4.7839463e+02
   4.7843120e+02
   4.7854185e+02
   4.7856648e+02
   4.8013972e+02
   4.8127123e+02
   4.8190415e+02
   4.8194330e+02
   4.8268885e+02
   4.8271820e+02
   4.8331575e+02
   4.8339720e+02
   4.8451990e+02
   4.8475198e+02
   4.8504978e+02
   4.8598467e+02
   4.8614308e+02
   4.8619340e+02
   4.8632045e+02
   4.8632373e+02
   4.8665562e+02
   4.8679295e+02
   4.8718025e+02
   4.8768890e+02
   4.8903580e+02
   4.8924005e+02
   4.8959182e+02
   4.8991672e+02
   4.9044080e+02
   4.9173868e+02
   4.9182637e+02
   4.9223332e+02
   4.9242228e+02
   4.9261320e+02
   4.9313410e+02
   4.9396137e+02
   4.9408545e+02
   4.9412568e+02
   4.9456212e+02
   4.9472478e+02
   4.9480788e+02
   4.9636705e+02
   4.9670550e+02
   4.9680788e+02
   4.9747750e+02
   4.9795187e+02
   4.9807488e+02
   4.9837965e+02
   4.9877300e+02
   4.9942225e+02
   4.9962725e+02
   4.9970893e+02
   4.9976475e+02
   4.9983038e+02
   4.9996160e+02
   5.0016773e+02
   5.0048273e+02
   5.0067293e+02
   5.0099953e+02
   5.0136372e+02
   5.0150448e+02
   5.0260205e+02
   5.0290278e+02
   5.0329658e+02
   5.0340382e+02
   5.0432125e+02
   5.0473590e+02
   5.0580665e+02
   5.0588210e+02
   5.0650900e+02
   5.0786150e+02
   5.0806322e+02
   5.0953805e+02
   5.1008930e+02
   5.1071165e+02
   5.1084062e+02
   5.1155818e+02
   5.1190702e+02
   5.1210975e+02
   5.1244995e+02
   5.1579505e+02
   5.1735438e+02
   5.1816755e+02
   5.1851098e+02
   5.1937738e+02
   5.2084533e+02
   5.2172400e+02
   5.2256305e+02
   5.2273087e+02
   5.2297030e+02
   5.2318528e+02
   5.2338305e+02
   5.2365065e+02
   5.2460130e+02
   5.2508885e+02
   5.2521312e+02
   5.2588130e+02
   5.2664837e+02
   5.2712855e+02
   5.2731273e+02
   5.2800892e+02
   5.2879690e+02
   5.2904387e+02
   5.2979808e+02
   5.2980105e+02
   5.3016488e+02
   5.3020587e+02
   5.3067038e+02
   5.3137252e+02
   5.3181467e+02
   5.3229692e+02
   5.3248037e+02
   5.3290840e+02
   5.3387410e+02
   5.3405498e+02
   5.3423930e+02
   5.3425305e+02
   5.3472940e+02
   5.3596300e+02
   5.3633272e+02
   5.3657832e+02
   5.3663887e+02
   5.3679318e+02
   5.3692120e+02
   5.3752285e+02
   5.3938408e+02
   5.3991877e+02
   5.4005282e+02
   5.4094547e+02
   5.4112143e+02
   5.4119417e+02
   5.4143650e+02
   5.4157980e+02
   5.4224357e+02
   5.4254225e+02
   5.4256725e+02
   5.4329660e+02
   5.4342775e+02
   5.4365628e+02
   5.4540472e+02
   5.4554197e+02
   5.4605903e+02
   5.4607075e+02
   5.4623540e+02
   5.4660740e+02
   5.4674055e+02
   5.4761205e+02
   5.4782925e+02
   5.4794337e+02
   5.4794872e+02
   5.4828012e+02
   5.4838365e+02
   5.4919435e+02
   5.5076195e+02
   5.5309095e+02
   5.5313712e+02
   5.5321182e+02
   5.5367368e+02
   5.5380787e+02
   5.5481948e+02
   5.5625757e+02
   5.5652318e+02
   5.5693967e+02
   5.5764965e+02
   5.5798508e+02
   5.6006817e+02
   5.6019300e+02
   5.6067742e+02
   5.6076653e+02
   5.6161750e+02
   5.6267620e+02
   5.6352807e+02
   5.6388418e+02
   5.6400685e+02
   5.6404530e+02
   5.6420618e+02
   5.6465195e+02
   5.6479308e+02
   5.6549838e+02
   5.6641325e+02
   5.6666472e+02
   5.6734722e+02
   5.6746615e+02
   5.6751387e+02
   5.6917715e+02
   5.6965410e+02
   5.7022148e+02
   5.7038752e+02
   5.7042235e+02
   5.7168415e+02
   5.7300432e+02
   5.7309627e+02
   5.7319260e+02
   5.7421682e+02
   5.7445830e+02
   5.7463950e+02
   5.7468628e+02
   5.7496907e+02
   5.7541707e+02
   5.7642477e+02
   5.7678950e+02
   5.7820727e+02
   5.7853517e+02
   5.7913217e+02
   5.7995375e+02
   5.8001373e+02
   5.8001792e+02
   5.8046232e+02
   5.8060933e+02
   5.8170658e+02
   5.8219893e+02
   5.8230800e+02
   5.8348665e+02
   5.8407125e+02
   5.8465302e+02
   5.8469515e+02
   5.8487320e+02
   5.8512555e+02
   5.8536222e+02
   5.8548070e+02
   5.8567602e+02
   5.8585552e+02
   5.8614562e+02
   5.8621992e+02
   5.8623475e+02
   5.8636925e+02
   5.8777745e+02
   5.8807580e+02
   5.8812170e+02
   5.8816855e+02
   5.8828365e+02
   5.8834005e+02
   5.8968753e+02
   5.9011238e+02
   5.9027932e+02
   5.9093268e+02
   5.9120557e+02
   5.9187158e+02
   5.9192237e+02
   5.9225120e+02
   5.9284727e+02
   5.9371997e+02
   5.9383595e+02
   5.9411450e+02
   5.9501025e+02
   5.9543538e+02
   5.9552747e+02
   5.9586800e+02
   5.9713420e+02
   5.9758205e+02
   5.9781493e+02
   5.9789963e+02
   5.9863383e+02
   5.9903140e+02
   5.9978085e+02
   6.0055337e+02
   6.0098025e+02
   6.0129652e+02
   6.0198037e+02
   6.0245885e+02
   6.0342827e+02
   6.0357993e+02
   6.0377953e+02
   6.0408407e+02
   6.0418567e+02
   6.0494137e+02
   6.0529552e+02
   6.0537020e+02
   6.0657045e+02
   6.0763003e+02
   6.0844910e+02
   6.0879903e+02
   6.0910777e+02
   6.1156590e+02
   6.1161572e+02
   6.1164345e+02
   6.1208857e+02
   6.1264923e+02
   6.1407440e+02
   6.1606467e+02
   6.1637293e+02
   6.1801980e+02
   6.1811090e+02
   6.1857015e+02
   6.2105382e+02
   6.2217470e+02
   6.2252032e+02
   6.2330600e+02
   6.2344483e+02
   6.2404730e+02
   6.2605580e+02
   6.2620755e+02
   6.2625945e+02
   6.2630213e+02
   6.2731755e+02
   6.2797170e+02
   6.2804882e+02
   6.2812513e+02
   6.2875487e+02
   6.2924212e+02
   6.2926810e+02
   6.2962518e+02
   6.3055705e+02
   6.3090325e+02
   6.3170658e+02
   6.3360717e+02
   6.3441165e+02
   6.3441448e+02
   6.3522573e+02
   6.3539280e+02
   6.3582317e+02
   6.3593740e+02
   6.3603988e+02
   6.3622520e+02
   6.3647845e+02
   6.3805583e+02
   6.3819155e+02
   6.3836468e+02
   6.3890323e+02
   6.4025747e+02
   6.4048905e+02
   6.4073905e+02
   6.4103660e+02
   6.4111447e+02
   6.4138852e+02
   6.4194180e+02
   6.4215160e+02
   6.4235995e+02
   6.4416765e+02
   6.4551723e+02
   6.4639112e+02
   6.4658237e+02
   6.4674767e+02
   6.4698592e+02
   6.4782825e+02
   6.4785340e+02
   6.4875380e+02
   6.4906175e+02
   6.5045190e+02
   6.5074465e+02
   6.5158650e+02
   6.5198942e+02
   6.5350743e+02
   6.5404685e+02
   6.5504895e+02
   6.5549525e+02
   6.5553425e+02
   6.5558735e+02
   6.5589043e+02
   6.5629460e+02
   6.5634447e+02
   6.5661122e+02
   6.5697468e+02
   6.5776117e+02
   6.5778747e+02
   6.5804845e+02
   6.5840292e+02
   6.5869322e+02
   6.5904988e+02
   6.5973857e+02
   6.6000548e+02
   6.6013387e+02
   6.6022822e+02
   6.6140090e+02
   6.6198665e+02
   6.6261895e+02
   6.6310475e+02
   6.6333655e+02
   6.6355893e+02
   6.6373653e+02
   6.6394855e+02
   6.6605815e+02
   6.6639492e+02
   6.6769997e+02
   6.6873385e+02
   6.6890075e+02
   6.6967845e+02
   6.7044227e+02
   6.7060502e+02
   6.7200942e+02
   6.7249958e+02
   6.7338400e+02
   6.7345120e+02
   6.7415048e+02
   6.7461547e+02
   6.7514910e+02
   6.7525810e+02
   6.7540622e+02
   6.7587280e+02
   6.7627510e+02
   6.7727053e+02
   6.7762338e+02
   6.7786298e+02
   6.7874293e+02
   6.7922510e+02
   6.7938310e+02
   6.8053980e+02
   6.8056605e+02
   6.8061110e+02
   6.8071090e+02
   6.8072163e+02
   6.8198070e+02
   6.8202183e+02
   6.8267480e+02
   6.8435315e+02
   6.8467955e+02
   6.8565805e+02
   6.8648558e+02
   6.8922327e+02
   6.8938122e+02
   6.8957748e+02
   6.8971872e+02
   6.9010013e+02
   6.9028347e+02
   6.9139965e+02
   6.9259198e+02
   6.9287465e+02
   6.9312207e+02
   6.9368422e+02
   6.9392830e+02
   6.9451435e+02
   6.9558353e+02
   6.9563265e+02
   6.9915975e+02
   6.9940180e+02
   6.9984618e+02
   7.0018835e+02
   7.0089418e+02
   7.0200280e+02
   7.0225450e+02
   7.0275810e+02
   7.0344052e+02
   7.0350857e+02
   7.0398293e+02
   7.0401200e+02
   7.0421415e+02
   7.0440805e+02
   7.0447002e+02
   7.0491508e+02
   7.0502287e+02
   7.0582372e+02
   7.0639290e+02
   7.0892758e+02
   7.1024153e+02
   7.1173290e+02
   7.1191190e+02
   7.1237347e+02
   7.1343445e+02
   7.1373712e+02
   7.1403610e+02
   7.1462947e+02
   7.1578188e+02
   7.1583817e+02
   7.1599400e+02
   7.1625968e+02
   7.1755297e+02
   7.1971917e+02
   7.1999087e+02
   7.2007515e+02
   7.2017640e+02
   7.2029215e+02
   7.2105530e+02
   7.2143912e+02
   7.2175255e+02
   7.2223795e+02
   7.2235510e+02
   7.2247830e+02
   7.2445988e+02
   7.2576217e+02
   7.2603268e+02
   7.2694202e+02
   7.2751487e+02
   7.3001435e+02
   7.3079152e+02
   7.3168305e+02
   7.3211577e+02
   7.3213280e+02
   7.3279290e+02
   7.3366353e+02
   7.3385220e+02
   7.3460847e+02
   7.3580335e+02
   7.3626500e+02
   7.3736063e+02
   7.3817628e+02
   7.3836897e+02
   7.3923875e+02
   7.3979140e+02
   7.3991990e+02
   7.4085193e+02
   7.4430080e+02
   7.4470600e+02
   7.4529842e+02
   7.4590427e+02
   7.4678500e+02
   7.4768173e+02
   7.4884383e+02
   7.4884942e+02
   7.4938243e+02
   7.4950895e+02
   7.5026297e+02
   7.5062342e+02
   7.5091765e+02
   7.5118305e+02
   7.5343655e+02
   7.5394547e+02
   7.5451063e+02
   7.5477207e+02
   7.5570618e+02
   7.5595563e+02
   7.5659468e+02
   7.5684425e+02
   7.5720020e+02
   7.5765875e+02
   7.5808938e+02
   7.5824987e+02
   7.5872262e+02
   7.5995205e+02
   7.6055345e+02
   7.6083370e+02
   7.6103057e+02
   7.6129285e+02
   7.6137897e+02
   7.6152797e+02
   7.6163657e+02
   7.6211497e+02
   7.6221920e+02
   7.6222748e+02
   7.6232240e+02
   7.6316707e+02
   7.6330525e+02
   7.6441670e+02
   7.6469165e+02
   7.6480490e+02
   7.6595647e+02
   7.6628598e+02
   7.6684620e+02
   7.6719600e+02
   7.6749878e+02
   7.6871525e+02
   7.6958315e+02
   7.6990103e+02
   7.7130922e+02
   7.7242012e+02
   7.7289448e+02
   7.7297220e+02
   7.7334800e+02
   7.7348465e+02
   7.7354795e+02
   7.7412293e+02
   7.7432218e+02
   7.7463275e+02
   7.7559055e+02
   7.7646335e+02
   7.7668208e+02
   7.7671353e+02
   7.7712140e+02
   7.7712420e+02
   7.7798873e+02
   7.7832663e+02
   7.7909775e+02
   7.7979027e+02
   7.7987830e+02
   7.8130138e+02
   7.8158258e+02
   7.8178948e+02
   7.8188995e+02
   7.8265465e+02
   7.8285025e+02
   7.8339900e+02
   7.8363273e+02
   7.8368370e+02
   7.8377965e+02
   7.8414295e+02
   7.8421340e+02
   7.8519775e+02
   7.8525615e+02
   7.8648598e+02
   7.8654008e+02
   7.9006215e+02
   7.9285420e+02
   7.9410340e+02
   7.9425328e+02
   7.9442303e+02
   7.9446305e+02
   7.9479835e+02
   7.9710670e+02
   7.9882960e+02
   7.9923050e+02
   7.9946838e+02
   7.9968507e+02
   7.9983613e+02
   8.0141975e+02
   8.0336485e+02
   8.0467763e+02
   8.0504668e+02
   8.0629213e+02
   8.0670250e+02
   8.0746485e+02
   8.0746735e+02
   8.0779467e+02
   8.0830517e+02
   8.0917332e+02
   8.1011460e+02
   8.1180460e+02
   8.1268637e+02
   8.1295210e+02
   8.1313537e+02
   8.1351610e+02
   8.1534695e+02
   8.1544943e+02
   8.1601715e+02
   8.1605922e+02
   8.1640465e+02
   8.1669633e+02
   8.1819263e+02
   8.1911362e+02
   8.2010310e+02
   8.2056692e+02
   8.2073483e+02
   8.2150640e+02
   8.2163985e+02
   8.2221670e+02
   8.2250587e+02
   8.2304533e+02
   8.2325600e+02
   8.2413532e+02
   8.2504612e+02
   8.2586540e+02
   8.2688470e+02
   8.2752055e+02
   8.2753252e+02
   8.2799878e+02
   8.2814180e+02
   8.2833737e+02
   8.3047893e+02
   8.3062455e+02
   8.3070123e+02
   8.3082803e+02
   8.3085750e+02
   8.3186643e+02
   8.3255005e+02
   8.3388125e+02
   8.3405367e+02
   8.3428792e+02
   8.3496485e+02
   8.3509343e+02
   8.3538648e+02
   8.3621462e+02
   8.3715178e+02
   8.3760045e+02
   8.3763947e+02
   8.3992370e+02
   8.4275220e+02
   8.4302752e+02
   8.4381327e+02
   8.4605940e+02
   8.4677865e+02
   8.4755010e+02
   8.5010113e+02
   8.5177570e+02
   8.5215365e+02
   8.5230943e+02
   8.5354180e+02
   8.5387643e+02
   8.5387910e+02
   8.5470928e+02
   8.5481730e+02
   8.5486140e+02
   8.5507088e+02
   8.5528145e+02
   8.5548632e+02
   8.5551513e+02
   8.5559150e+02
   8.5559385e+02
   8.5569242e+02
   8.5726913e+02
   8.5752638e+02
   8.5819997e+02
   8.5978650e+02
   8.6493360e+02
   8.6591735e+02
   8.6670182e+02
   8.6802738e+02
   8.6811063e+02
   8.6820677e+02
   8.6868565e+02
   8.6891008e+02
   8.7042742e+02
   8.7148080e+02
   8.7248843e+02
   8.7380803e+02
   8.7441350e+02
   8.7479190e+02
   8.7535013e+02
   8.7618247e+02
   8.7635825e+02
   8.7806595e+02
   8.7824637e+02
   8.7869430e+02
   8.7885362e+02
   8.8048695e+02
   8.8215252e+02
   8.8256045e+02
   8.8270360e+02
   8.8279425e+02
   8.8280998e+02
   8.8293350e+02
   8.8323963e+02
   8.8324323e+02
   8.8379022e+02
   8.8482113e+02
   8.8562203e+02
   8.8686390e+02
   8.8810277e+02
   8.8888715e+02
   8.8942202e+02
   8.9267533e+02
   8.9334015e+02
   8.9368623e+02
   8.9458737e+02
   8.9471835e+02
   8.9499385e+02
   8.9706845e+02
   8.9721605e+02
   8.9860452e+02
   8.9902170e+02
   8.9994322e+02
   9.0003735e+02
   9.0108625e+02
   9.0331613e+02
   9.0348193e+02
   9.0375323e+02
   9.0388505e+02
   9.0409872e+02
   9.0531050e+02
   9.0652545e+02
   9.0763923e+02
   9.0884468e+02
   9.0905225e+02
   9.0914678e+02
   9.0968612e+02
   9.1107860e+02
   9.1120317e+02
   9.1281578e+02
   9.1484457e+02
   9.1492898e+02
   9.1502495e+02
   9.1608890e+02
   9.1627735e+02
   9.1653710e+02
   9.1668935e+02
   9.1710695e+02
   9.1783417e+02
   9.1791503e+02
   9.1854882e+02
   9.1917792e+02
   9.2029917e+02
   9.2042718e+02
   9.2168455e+02
   9.2174527e+02
   9.2296018e+02
   9.2309872e+02
   9.2321165e+02
   9.2358597e+02
   9.2366430e+02
   9.2452125e+02
   9.2530848e+02
   9.2677742e+02
   9.2702188e+02
   9.2745210e+02
   9.2870510e+02
   9.2930995e+02
   9.2966313e+02
   9.3068970e+02
   9.3092117e+02
   9.3200745e+02
   9.3245007e+02
   9.3494327e+02
   9.3559102e+02
   9.3559343e+02
   9.3620685e+02
   9.3700155e+02
   9.3746000e+02
   9.3929488e+02
   9.4090325e+02
   9.4261077e+02
   9.4330848e+02
   9.4342130e+02
   9.4517075e+02
   9.4563550e+02
   9.4653180e+02
   9.4839010e+02
   9.5139875e+02
   9.5239783e+02
   9.5396473e+02
   9.5484290e+02
   9.5601665e+02
   9.5724373e+02
   9.5859085e+02
   9.6038795e+02
   9.6372390e+02
   9.6435340e+02
   9.6463670e+02
   9.6608290e+02
   9.6675183e+02
   9.6736605e+02
   9.6795925e+02
   9.6799950e+02
   9.6813760e+02
   9.6869445e+02
   9.6883848e+02
   9.7033798e+02
   9.7078408e+02
   9.7094835e+02
   9.7174335e+02
   9.7285205e+02
   9.7395775e+02
   9.7526940e+02
   9.7624283e+02
   9.7625000e+02
   9.7636800e+02
   9.7684028e+02
   9.7706737e+02
   9.7730228e+02
   9.7778088e+02
   9.7790498e+02
   9.7809393e+02
   9.7860378e+02
   9.7873492e+02
   9.7963875e+02
   9.7988210e+02
   9.8023438e+02
   9.8024812e+02
   9.8029065e+02
   9.8130123e+02
   9.8382767e+02
   9.8520017e+02
   9.8566017e+02
   9.8572648e+02
   9.8586447e+02
   9.8704022e+02
   9.8777985e+02
   9.8907178e+02
   9.8939328e+02
   9.8993925e+02
   9.9053145e+02
   9.9066840e+02
   9.9137503e+02
   9.9191517e+02
   9.9312193e+02
   9.9328795e+02
   9.9384018e+02
   9.9484523e+02
   9.9606375e+02
   9.9637965e+02
   9.9657602e+02
   9.9660720e+02
   9.9671327e+02
   9.9697933e+02
   9.9705195e+02
   9.9742448e+02
   9.9777820e+02
   9.9864932e+02
   1.0001495e+03
   1.0005777e+03
   1.0028055e+03
   1.0033739e+03
   1.0046241e+03
   1.0046268e+03
   1.0053750e+03
   1.0056331e+03
   1.0056562e+03
   1.0063362e+03
   1.0066477e+03
   1.0070076e+03
   1.0076902e+03
   1.0081176e+03
   1.0083255e+03
   1.0087048e+03
   1.0087926e+03
   1.0123243e+03
   1.0130748e+03
   1.0142133e+03
   1.0143006e+03
   1.0144611e+03
   1.0154483e+03
   1.0159702e+03
   1.0163825e+03
   1.0173009e+03
   1.0177407e+03
   1.0179693e+03
   1.0186130e+03
   1.0186685e+03
   1.0200245e+03
   1.0207668e+03
   1.0209796e+03
   1.0232853e+03
   1.0248720e+03
   1.0260266e+03
   1.0261778e+03
   1.0264897e+03
   1.0265413e+03
   1.0298429e+03
   1.0306203e+03
   1.0308990e+03
   1.0312260e+03
   1.0335642e+03
   1.0345443e+03
   1.0347236e+03
   1.0355874e+03
   1.0375103e+03
   1.0395446e+03
   1.0397576e+03
   1.0433963e+03
   1.0441371e+03
   1.0443544e+03
   1.0450897e+03
   1.0477016e+03
   1.0482385e+03
   1.0484511e+03
   1.0485059e+03
   1.0488896e+03
   1.0496980e+03
   1.0498711e+03
   1.0504021e+03
   1.0505344e+03
   1.0506940e+03
   1.0519748e+03
   1.0528522e+03
   1.0538914e+03
   1.0541320e+03
   1.0544324e+03
   1.0553112e+03
   1.0553952e+03
   1.0558541e+03
   1.0573339e+03
   1.0573456e+03
   1.0574295e+03
   1.0582582e+03
   1.0584996e+03
   1.0586996e+03
   1.0608876e+03
   1.0608931e+03
   1.0611441e+03
   1.0644042e+03
   1.0658795e+03
   1.0658827e+03
   1.0660630e+03
   1.0666206e+03
   1.0692114e+03
   1.0700054e+03
   1.0704517e+03
   1.0707758e+03
   1.0715884e+03
   1.0715947e+03
   1.0717552e+03
   1.0721442e+03
   1.0727486e+03
   1.0732681e+03
   1.0733621e+03
   1.0735572e+03
   1.0738781e+03
   1.0738971e+03
   1.0738994e+03
   1.0748282e+03
   1.0751481e+03
   1.0753458e+03
   1.0766535e+03
   1.0770916e+03
   1.0775938e+03
   1.0777217e+03
   1.0788658e+03
   1.0799584e+03
   1.0807635e+03
   1.0808651e+03
   1.0808676e+03
   1.0815775e+03
   1.0821818e+03
   1.0823240e+03
   1.0842247e+03
   1.0847523e+03
   1.0852450e+03
   1.0859975e+03
   1.0867377e+03
   1.0867875e+03
   1.0872163e+03
   1.0874089e+03
   1.0922050e+03
   1.0934952e+03
   1.0945983e+03
   1.0948328e+03
   1.0949837e+03
   1.0952148e+03
   1.0958742e+03
   1.0959647e+03
   1.0961199e+03
   1.0967812e+03
   1.0989429e+03
   1.1006796e+03
   1.1007144e+03
   1.1012975e+03
   1.1027538e+03
   1.1036016e+03
   1.1040271e+03
   1.1042484e+03
   1.1056436e+03
   1.1063661e+03
   1.1068356e+03
   1.1120276e+03
   1.1131683e+03
   1.1153693e+03
   1.1156162e+03
   1.1157241e+03
   1.1167409e+03
   1.1172920e+03
   1.1176989e+03
   1.1178309e+03
   1.1193535e+03
   1.1194181e+03
   1.1204396e+03
   1.1208676e+03
   1.1211626e+03
   1.1216892e+03
   1.1217725e+03
   1.1225206e+03
   1.1227912e+03
   1.1231931e+03
   1.1232392e+03
   1.1238608e+03
   1.1241089e+03
   1.1262712e+03
   1.1263380e+03
   1.1274522e+03
   1.1283801e+03
   1.1290373e+03
   1.1303269e+03
   1.1305445e+03
   1.1306173e+03
   1.1307936e+03
   1.1310337e+03
   1.1338307e+03
   1.1341295e+03
   1.1344489e+03
   1.1352435e+03
   1.1353670e+03
   1.1359750e+03
   1.1362261e+03
   1.1377143e+03
   1.1391405e+03
   1.1402519e+03
   1.1403908e+03
   1.1405252e+03
   1.1406539e+03
   1.1417368e+03
   1.1424613e+03
   1.1448101e+03
   1.1449826e+03
   1.1450649e+03
   1.1455415e+03
   1.1459308e+03
   1.1462362e+03
   1.1465158e+03
   1.1472711e+03
   1.1473490e+03
   1.1482881e+03
   1.1487524e+03
   1.1502096e+03
   1.1503170e+03
   1.1503193e+03
   1.1510318e+03
   1.1514322e+03
   1.1515252e+03
   1.1517854e+03
   1.1518215e+03
   1.1532404e+03
   1.1533445e+03
   1.1546353e+03
   1.1579054e+03
   1.1595045e+03
   1.1600281e+03
   1.1601475e+03
   1.1603045e+03
   1.1610484e+03
   1.1619499e+03
   1.1620742e+03
   1.1624339e+03
   1.1629718e+03
   1.1647296e+03
   1.1675527e+03
   1.1691088e+03
   1.1701566e+03
   1.1716866e+03
   1.1718804e+03
   1.1727044e+03
   1.1739336e+03
   1.1742585e+03
   1.1747887e+03
   1.1750120e+03
   1.1750642e+03
   1.1752720e+03
   1.1754599e+03
   1.1761651e+03
   1.1768124e+03
   1.1772305e+03
   1.1775761e+03
   1.1779749e+03
   1.1797407e+03
   1.1798879e+03
   1.1800475e+03
   1.1804951e+03
   1.1811611e+03
   1.1813367e+03
   1.1821559e+03
   1.1840584e+03
   1.1843065e+03
   1.1858310e+03
   1.1860455e+03
   1.1861414e+03
   1.1876180e+03
   1.1887230e+03
   1.1890305e+03
   1.1890769e+03
   1.1893197e+03
   1.1894100e+03
   1.1895291e+03
   1.1905282e+03
   1.1908947e+03
   1.1914724e+03
   1.1925901e+03
   1.1929954e+03
   1.1930377e+03
   1.1938985e+03
   1.1942597e+03
   1.1954899e+03
   1.1958152e+03
   1.1988426e+03
   1.2014089e+03
   1.2018030e+03
   1.2021303e+03
   1.2029088e+03
   1.2032090e+03
   1.2032484e+03
   1.2046682e+03
   1.2051935e+03
   1.2057955e+03
   1.2058375e+03
   1.2068544e+03
   1.2070810e+03
   1.2077927e+03
   1.2078182e+03
   1.2078698e+03
   1.2099655e+03
   1.2106645e+03
   1.2108545e+03
   1.2109355e+03
   1.2111162e+03
   1.2112940e+03
   1.2125378e+03
   1.2126328e+03
   1.2132268e+03
   1.2133497e+03
   1.2135262e+03
   1.2135542e+03
   1.2140068e+03
   1.2144050e+03
   1.2148260e+03
   1.2151361e+03
   1.2155859e+03
   1.2164506e+03
   1.2173307e+03
   1.2177430e+03
   1.2186879e+03
   1.2189549e+03
   1.2228467e+03
   1.2228722e+03
   1.2232063e+03
   1.2234108e+03
   1.2234530e+03
   1.2262461e+03
   1.2265382e+03
   1.2267659e+03
   1.2269652e+03
   1.2299980e+03
   1.2307335e+03
   1.2307849e+03
   1.2315606e+03
   1.2317828e+03
   1.2318448e+03
   1.2324541e+03
   1.2325359e+03
   1.2328067e+03
   1.2333881e+03
   1.2335096e+03
   1.2335838e+03
   1.2343376e+03
   1.2350070e+03
   1.2352650e+03
   1.2366141e+03
   1.2368038e+03
   1.2369269e+03
   1.2383388e+03
   1.2383789e+03
   1.2384427e+03
   1.2387738e+03
   1.2395478e+03
   1.2405084e+03
   1.2411566e+03
   1.2414888e+03
   1.2421315e+03
   1.2427865e+03
   1.2451023e+03
   1.2455873e+03
   1.2458927e+03
   1.2466969e+03
   1.2470170e+03
   1.2473506e+03
   1.2476182e+03
   1.2489088e+03
   1.2497426e+03
   1.2501354e+03
   1.2508117e+03
   1.2518619e+03
   1.2535394e+03
   1.2541865e+03
   1.2545972e+03
   1.2547272e+03
   1.2555048e+03
   1.2557025e+03
   1.2565483e+03
   1.2571485e+03
   1.2573238e+03
   1.2577544e+03
   1.2582052e+03
   1.2591637e+03
   1.2594669e+03
   1.2595739e+03
   1.2598690e+03
   1.2603573e+03
   1.2607927e+03
   1.2611213e+03
   1.2633091e+03
   1.2663533e+03
   1.2666978e+03
   1.2667196e+03
   1.2668032e+03
   1.2669292e+03
   1.2680431e+03
   1.2681485e+03
   1.2686786e+03
   1.2713828e+03
   1.2714838e+03
   1.2721484e+03
   1.2723782e+03
   1.2745187e+03
   1.2747418e+03
   1.2753817e+03
   1.2756512e+03
   1.2757490e+03
   1.2761722e+03
   1.2763362e+03
   1.2769384e+03
   1.2770357e+03
   1.2789785e+03
   1.2802861e+03
   1.2803467e+03
   1.2827481e+03
   1.2848147e+03
   1.2856100e+03
   1.2861646e+03
   1.2892207e+03
   1.2907208e+03
   1.2909024e+03
   1.2921136e+03
   1.2925798e+03
   1.2926291e+03
   1.2932057e+03
   1.2932769e+03
   1.2935184e+03
   1.2937056e+03
   1.2939034e+03
   1.2941751e+03
   1.2943101e+03
   1.2949178e+03
   1.2954010e+03
   1.2956551e+03
   1.2960648e+03
   1.2964875e+03
   1.2965880e+03
   1.2977828e+03
   1.2978469e+03
   1.2978544e+03
   1.2979228e+03
   1.2987649e+03
   1.2997956e+03
   1.3004272e+03
   1.3011359e+03
   1.3013857e+03
   1.3031965e+03
   1.3033829e+03
   1.3040039e+03
   1.3049447e+03
   1.3053603e+03
   1.3057650e+03
   1.3068291e+03
   1.3069635e+03
   1.3071346e+03
   1.3074535e+03
   1.3077189e+03
   1.3086480e+03
   1.3094384e+03
   1.3098327e+03
   1.3098803e+03
   1.3106060e+03
   1.3106728e+03
   1.3108851e+03
   1.3111500e+03
   1.3130171e+03
   1.3134304e+03
   1.3136675e+03
   1.3139574e+03
   1.3151742e+03
   1.3153553e+03
   1.3155282e+03
   1.3167839e+03
   1.3170495e+03
   1.3172609e+03
   1.3174186e+03
   1.3175691e+03
   1.3189667e+03
   1.3199869e+03
   1.3202943e+03
   1.3204356e+03
   1.3209676e+03
   1.3222746e+03
   1.3225614e+03
   1.3232043e+03
   1.3238528e+03
   1.3244357e+03
   1.3258544e+03
   1.3259617e+03
   1.3260386e+03
   1.3260600e+03
   1.3265113e+03
   1.3265867e+03
   1.3267968e+03
   1.3273701e+03
   1.3287705e+03
   1.3288712e+03
   1.3292105e+03
   1.3292550e+03
   1.3293089e+03
   1.3295088e+03
   1.3312550e+03
   1.3319494e+03
   1.3333793e+03
   1.3343282e+03
   1.3349223e+03
   1.3353404e+03
   1.3359418e+03
   1.3360617e+03
   1.3362047e+03
   1.3369232e+03
   1.3378059e+03
   1.3391073e+03
   1.3391630e+03
   1.3394102e+03
   1.3394888e+03
   1.3396492e+03
   1.3398701e+03
   1.3399975e+03
   1.3402079e+03
   1.3403537e+03
   1.3407569e+03
   1.3409162e+03
   1.3416119e+03
   1.3426819e+03
   1.3428602e+03
   1.3430947e+03
   1.3432185e+03
   1.3442846e+03
   1.3446188e+03
   1.3449620e+03
   1.3453009e+03
   1.3455525e+03
   1.3461425e+03
   1.3462710e+03
   1.3463546e+03
   1.3466268e+03
   1.3467372e+03
   1.3475513e+03
   1.3481723e+03
   1.3488008e+03
   1.3490620e+03
   1.3494538e+03
   1.3497319e+03
   1.3497926e+03
   1.3501140e+03
   1.3502736e+03
   1.3508297e+03
   1.3510953e+03
   1.3519059e+03
   1.3521442e+03
   1.3523389e+03
   1.3527017e+03
   1.3528789e+03
   1.3529987e+03
   1.3535868e+03
   1.3537517e+03
   1.3548813e+03
   1.3561335e+03
   1.3565217e+03
   1.3568178e+03
   1.3569219e+03
   1.3570860e+03
   1.3572653e+03
   1.3586230e+03
   1.3587787e+03
   1.3589134e+03
   1.3602810e+03
   1.3604543e+03
   1.3606367e+03
   1.3606640e+03
   1.3611391e+03
   1.3614599e+03
   1.3638266e+03
   1.3639678e+03
   1.3640397e+03
   1.3641327e+03
   1.3648998e+03
   1.3650292e+03
   1.3671191e+03
   1.3674626e+03
   1.3680587e+03
   1.3686679e+03
   1.3688033e+03
   1.3694122e+03
   1.3701537e+03
   1.3719624e+03
   1.3721099e+03
   1.3727639e+03
   1.3728407e+03
   1.3729373e+03
   1.3730304e+03
   1.3739322e+03
   1.3747214e+03
   1.3751308e+03
   1.3752554e+03
   1.3758066e+03
   1.3763092e+03
   1.3769671e+03
   1.3770227e+03
   1.3772557e+03
   1.3777300e+03
   1.3779472e+03
   1.3781187e+03
   1.3784932e+03
   1.3785522e+03
   1.3796287e+03
   1.3797675e+03
   1.3812889e+03
   1.3818532e+03
   1.3826720e+03
   1.3830830e+03
   1.3831113e+03
   1.3835490e+03
   1.3836812e+03
   1.3841273e+03
   1.3844899e+03
   1.3847907e+03
   1.3848723e+03
   1.3855129e+03
   1.3857253e+03
   1.3858308e+03
   1.3867059e+03
   1.3867594e+03
   1.3870665e+03
   1.3876488e+03
   1.3887224e+03
   1.3889999e+03
   1.3895680e+03
   1.3897642e+03
   1.3897671e+03
   1.3899930e+03
   1.3914679e+03
   1.3922412e+03
   1.3929990e+03
   1.3942087e+03
   1.3961308e+03
   1.3973694e+03
   1.3974771e+03
   1.3979245e+03
   1.3979843e+03
   1.3985678e+03
   1.3988500e+03
   1.4011505e+03
   1.4020642e+03
   1.4022957e+03
   1.4031667e+03
   1.4032164e+03
   1.4037983e+03
   1.4051727e+03
   1.4053329e+03
   1.4061787e+03
   1.4068075e+03
   1.4068451e+03
   1.4076836e+03
   1.4090269e+03
   1.4091524e+03
   1.4091582e+03
   1.4092132e+03
   1.4093258e+03
   1.4099860e+03
   1.4120741e+03
   1.4121725e+03
   1.4126901e+03
   1.4128896e+03
   1.4131126e+03
   1.4132309e+03
   1.4133099e+03
   1.4153568e+03
   1.4157173e+03
   1.4164127e+03
   1.4165825e+03
   1.4189634e+03
   1.4191579e+03
   1.4206748e+03
   1.4208155e+03
   1.4231967e+03
   1.4232484e+03
   1.4247443e+03
   1.4260623e+03
   1.4262650e+03
   1.4263941e+03
   1.4265156e+03
   1.4265744e+03
   1.4267652e+03
   1.4269893e+03
   1.4278052e+03
   1.4281525e+03
   1.4283730e+03
   1.4292992e+03
   1.4295678e+03
   1.4316885e+03
   1.4320077e+03
   1.4329760e+03
   1.4335296e+03
   1.4359170e+03
   1.4359502e+03
   1.4360657e+03
   1.4361796e+03
   1.4364264e+03
   1.4372436e+03
   1.4373484e+03
   1.4374307e+03
   1.4377782e+03
   1.4384070e+03
   1.4385475e+03
   1.4388573e+03
   1.4395625e+03
   1.4397440e+03
   1.4403899e+03
   1.4414859e+03
   1.4417052e+03
   1.4427547e+03
   1.4431342e+03
   1.4435552e+03
   1.4437249e+03
   1.4438511e+03
   1.4441702e+03
   1.4448619e+03
   1.4456861e+03
   1.4457532e+03
   1.4460941e+03
   1.4461726e+03
   1.4461780e+03
   1.4463248e+03
   1.4463677e+03
   1.4463873e+03
   1.4468382e+03
   1.4485579e+03
   1.4486390e+03
   1.4486717e+03
   1.4491750e+03
   1.4498399e+03
   1.4498618e+03
   1.4499049e+03
   1.4502821e+03
   1.4506462e+03
   1.4507169e+03
   1.4511646e+03
   1.4521487e+03
   1.4530323e+03
   1.4532384e+03
   1.4532983e+03
   1.4535736e+03
   1.4541056e+03
   1.4563414e+03
   1.4575559e+03
   1.4581814e+03
   1.4584553e+03
   1.4600752e+03
   1.4601112e+03
   1.4601801e+03
   1.4608438e+03
   1.4610003e+03
   1.4611545e+03
   1.4616479e+03
   1.4616947e+03
   1.4617420e+03
   1.4622439e+03
   1.4629626e+03
   1.4634861e+03
   1.4635608e+03
   1.4641202e+03
   1.4644531e+03
   1.4646881e+03
   1.4646908e+03
   1.4652047e+03
   1.4653747e+03
   1.4656118e+03
   1.4661683e+03
   1.4668042e+03
   1.4685401e+03
   1.4697752e+03
   1.4712033e+03
   1.4720059e+03
   1.4720103e+03
   1.4726365e+03
   1.4733562e+03
   1.4740692e+03
   1.4742560e+03
   1.4793126e+03
   1.4798237e+03
   1.4800985e+03
   1.4802317e+03
   1.4802788e+03
   1.4804189e+03
   1.4808237e+03
   1.4819639e+03
   1.4824771e+03
   1.4827741e+03
   1.4833838e+03
   1.4841174e+03
   1.4845518e+03
   1.4851047e+03
   1.4853117e+03
   1.4853699e+03
   1.4858390e+03
   1.4858410e+03
   1.4858483e+03
   1.4859986e+03
   1.4862233e+03
   1.4863674e+03
   1.4870602e+03
   1.4871570e+03
   1.4871886e+03
   1.4882631e+03
   1.4883067e+03
   1.4899226e+03
   1.4910038e+03
   1.4910847e+03
   1.4912297e+03
   1.4912945e+03
   1.4915249e+03
   1.4917833e+03
   1.4920174e+03
   1.4934389e+03
   1.4939908e+03
   1.4943715e+03
   1.4948106e+03
   1.4953119e+03
   1.4956706e+03
   1.4960717e+03
   1.4966633e+03
   1.4972598e+03
   1.4978848e+03
   1.4982388e+03
   1.4984854e+03
   1.4986833e+03
   1.4988311e+03
   1.4992299e+03
   1.4994153e+03
   1.4996464e+03
   1.4997305e+03
   1.5001534e+03
   1.5004776e+03
   1.5009551e+03
   1.5011482e+03
   1.5020129e+03
   1.5029696e+03
   1.5030911e+03
   1.5036094e+03
   1.5036747e+03
   1.5044964e+03
   1.5048849e+03
   1.5048881e+03
   1.5055286e+03
   1.5055316e+03
   1.5058393e+03
   1.5065611e+03
   1.5077075e+03
   1.5079878e+03
   1.5080304e+03
   1.5083521e+03
   1.5086671e+03
   1.5094005e+03
   1.5097350e+03
   1.5103707e+03
   1.5108349e+03
   1.5112049e+03
   1.5112080e+03
   1.5116061e+03
   1.5122022e+03
   1.5124319e+03
   1.5130608e+03
   1.5131721e+03
   1.5134660e+03
   1.5136307e+03
   1.5142737e+03
   1.5143179e+03
   1.5147903e+03
   1.5150819e+03
   1.5156334e+03
   1.5156635e+03
   1.5160569e+03
   1.5161937e+03
   1.5163102e+03
   1.5164443e+03
   1.5169718e+03
   1.5175175e+03
   1.5175687e+03
   1.5182830e+03
   1.5185693e+03
   1.5186425e+03
   1.5186551e+03
   1.5188329e+03
   1.5190523e+03
   1.5191076e+03
   1.5195681e+03
   1.5200895e+03
   1.5204766e+03
   1.5210862e+03
   1.5212653e+03
   1.5217040e+03
   1.5217785e+03
   1.5220293e+03
   1.5228120e+03
   1.5236261e+03
   1.5251129e+03
   1.5251289e+03
   1.5266055e+03
   1.5270057e+03
   1.5272827e+03
   1.5275771e+03
   1.5278696e+03
   1.5279172e+03
   1.5280716e+03
   1.5296360e+03
   1.5299929e+03
   1.5301317e+03
   1.5302423e+03
   1.5315715e+03
   1.5338810e+03
   1.5348337e+03
   1.5354470e+03
   1.5362699e+03
   1.5372897e+03
   1.5375368e+03
   1.5376582e+03
   1.5379669e+03
   1.5381517e+03
   1.5384415e+03
   1.5387323e+03
   1.5388885e+03
   1.5390279e+03
   1.5394435e+03
   1.5394627e+03
   1.5409694e+03
   1.5412698e+03
   1.5415389e+03
   1.5420213e+03
   1.5430551e+03
   1.5441462e+03
   1.5441917e+03
   1.5448536e+03
   1.5451052e+03
   1.5452082e+03
   1.5455590e+03
   1.5468374e+03
   1.5477708e+03
   1.5478560e+03
   1.5481077e+03
   1.5490535e+03
   1.5504566e+03
   1.5508243e+03
   1.5510037e+03
   1.5523665e+03
   1.5527622e+03
   1.5532292e+03
   1.5533644e+03
   1.5544292e+03
   1.5546851e+03
   1.5559180e+03
   1.5561956e+03
   1.5562927e+03
   1.5569227e+03
   1.5570133e+03
   1.5578663e+03
   1.5581340e+03
   1.5592819e+03
   1.5595157e+03
   1.5597679e+03
   1.5600698e+03
   1.5606644e+03
   1.5607786e+03
   1.5611723e+03
   1.5613677e+03
   1.5614888e+03
   1.5616955e+03
   1.5625817e+03
   1.5632729e+03
   1.5633723e+03
   1.5637750e+03
   1.5642273e+03
   1.5646179e+03
   1.5655070e+03
   1.5666188e+03
   1.5676981e+03
   1.5687605e+03
   1.5688751e+03
   1.5691544e+03
   1.5697305e+03
   1.5704488e+03
   1.5711326e+03
   1.5716596e+03
   1.5724114e+03
   1.5738905e+03
   1.5756317e+03
   1.5760135e+03
   1.5763470e+03
   1.5765385e+03
   1.5766332e+03
   1.5769063e+03
   1.5785807e+03
   1.5786156e+03
   1.5790099e+03
   1.5797857e+03
   1.5805829e+03
   1.5809958e+03
   1.5823122e+03
   1.5823138e+03
   1.5824622e+03
   1.5835622e+03
   1.5850722e+03
   1.5853663e+03
   1.5857642e+03
   1.5858027e+03
   1.5859880e+03
   1.5862240e+03
   1.5871829e+03
   1.5873015e+03
   1.5876211e+03
   1.5876924e+03
   1.5898907e+03
   1.5919768e+03
   1.5921371e+03
   1.5923462e+03
   1.5943671e+03
   1.5945527e+03
   1.5967161e+03
   1.5967237e+03
   1.5967449e+03
   1.5978084e+03
   1.5981049e+03
   1.5987836e+03
   1.6013553e+03
   1.6030610e+03
   1.6033021e+03
   1.6037308e+03
   1.6044865e+03
   1.6048072e+03
   1.6049253e+03
   1.6051689e+03
   1.6051722e+03
   1.6061781e+03
   1.6062744e+03
   1.6063559e+03
   1.6066050e+03
   1.6070804e+03
   1.6080786e+03
   1.6083119e+03
   1.6088811e+03
   1.6089034e+03
   1.6089480e+03
   1.6094887e+03
   1.6100381e+03
   1.6112315e+03
   1.6113228e+03
   1.6115843e+03
   1.6125126e+03
   1.6126328e+03
   1.6130362e+03
   1.6131107e+03
   1.6136743e+03
   1.6138582e+03
   1.6143814e+03
   1.6145610e+03
   1.6150494e+03
   1.6153274e+03
   1.6154818e+03
   1.6167978e+03
   1.6187037e+03
   1.6190081e+03
   1.6193658e+03
   1.6196086e+03
   1.6198760e+03
   1.6198790e+03
   1.6199952e+03
   1.6203202e+03
   1.6209340e+03
   1.6213944e+03
   1.6219920e+03
   1.6233304e+03
   1.6237116e+03
   1.6238701e+03
   1.6248271e+03
   1.6252649e+03
   1.6255465e+03
   1.6258003e+03
   1.6267096e+03
   1.6273852e+03
   1.6274720e+03
   1.6276487e+03
   1.6282876e+03
   1.6284024e+03
   1.6285774e+03
   1.6291727e+03
   1.6292720e+03
   1.6293731e+03
   1.6294039e+03
   1.6301571e+03
   1.6303990e+03
   1.6311327e+03
   1.6316272e+03
   1.6317869e+03
   1.6318648e+03
   1.6330640e+03
   1.6332663e+03
   1.6342079e+03
   1.6342106e+03
   1.6350649e+03
   1.6358776e+03
   1.6359314e+03
   1.6370812e+03
   1.6371815e+03
   1.6390367e+03
   1.6391951e+03
   1.6399844e+03
   1.6399948e+03
   1.6406881e+03
   1.6415344e+03
   1.6416653e+03
   1.6417946e+03
   1.6421601e+03
   1.6438109e+03
   1.6446641e+03
   1.6455164e+03
   1.6461231e+03
   1.6464055e+03
   1.6466729e+03
   1.6481493e+03
   1.6491482e+03
   1.6500515e+03
   1.6505497e+03
   1.6509600e+03
   1.6509776e+03
   1.6511879e+03
   1.6512322e+03
   1.6513220e+03
   1.6516541e+03
   1.6539225e+03
   1.6546882e+03
   1.6548801e+03
   1.6549368e+03
   1.6555877e+03
   1.6556991e+03
   1.6559059e+03
   1.6559656e+03
   1.6563438e+03
   1.6563846e+03
   1.6573333e+03
   1.6575601e+03
   1.6577909e+03
   1.6583592e+03
   1.6589931e+03
   1.6591271e+03
   1.6595052e+03
   1.6596779e+03
   1.6601890e+03
   1.6604457e+03
   1.6608138e+03
   1.6624529e+03
   1.6633862e+03
   1.6636027e+03
   1.6642153e+03
   1.6655328e+03
   1.6656493e+03
   1.6657549e+03
   1.6659699e+03
   1.6662832e+03
   1.6669816e+03
   1.6673224e+03
   1.6690627e+03
   1.6696100e+03
   1.6698165e+03
   1.6700315e+03
   1.6704336e+03
   1.6705124e+03
   1.6706509e+03
   1.6715875e+03
   1.6716059e+03
   1.6717392e+03
   1.6721866e+03
   1.6722123e+03
   1.6726559e+03
   1.6727716e+03
   1.6731054e+03
   1.6737002e+03
   1.6745228e+03
   1.6746204e+03
   1.6750649e+03
   1.6752195e+03
   1.6763257e+03
   1.6764948e+03
   1.6768430e+03
   1.6771842e+03
   1.6781468e+03
   1.6786193e+03
   1.6794938e+03
   1.6799381e+03
   1.6803772e+03
   1.6804136e+03
   1.6806711e+03
   1.6816950e+03
   1.6821822e+03
   1.6823667e+03
   1.6831536e+03
   1.6833761e+03
   1.6839581e+03
   1.6848739e+03
   1.6849550e+03
   1.6857293e+03
   1.6864025e+03
   1.6866963e+03
   1.6867446e+03
   1.6880928e+03
   1.6887126e+03
   1.6894496e+03
   1.6897188e+03
   1.6911041e+03
   1.6912238e+03
   1.6915993e+03
   1.6917457e+03
   1.6933072e+03
   1.6936111e+03
   1.6944834e+03
   1.6951000e+03
   1.6964213e+03
   1.6970729e+03
   1.6982540e+03
   1.6987666e+03
   1.6989003e+03
   1.6993794e+03
   1.6997476e+03
   1.6997994e+03
   1.7000217e+03
   1.7003513e+03
   1.7018172e+03
   1.7020213e+03
   1.7021610e+03
   1.7026563e+03
   1.7031010e+03
   1.7033392e+03
   1.7041331e+03
   1.7045536e+03
   1.7048798e+03
   1.7052658e+03
   1.7057701e+03
   1.7060920e+03
   1.7066925e+03
   1.7070636e+03
   1.7074389e+03
   1.7077855e+03
   1.7080074e+03
   1.7090107e+03
   1.7095008e+03
   1.7095686e+03
   1.7097360e+03
   1.7097388e+03
   1.7105270e+03
   1.7107014e+03
   1.7112693e+03
   1.7119079e+03
   1.7129712e+03
   1.7132470e+03
   1.7142916e+03
   1.7146753e+03
   1.7147524e+03
   1.7148095e+03
   1.7150060e+03
   1.7151417e+03
   1.7152418e+03
   1.7153193e+03
   1.7156106e+03
   1.7169541e+03
   1.7174887e+03
   1.7182471e+03
   1.7183965e+03
   1.7195620e+03
   1.7199263e+03
   1.7201260e+03
   1.7203324e+03
   1.7214259e+03
   1.7220016e+03
   1.7228388e+03
   1.7229547e+03
   1.7231228e+03
   1.7232707e+03
   1.7237696e+03
   1.7240601e+03
   1.7242583e+03
   1.7244943e+03
   1.7245265e+03
   1.7245440e+03
   1.7249436e+03
   1.7254251e+03
   1.7256706e+03
   1.7257411e+03
   1.7259685e+03
   1.7262065e+03
   1.7269856e+03
   1.7273090e+03
   1.7273261e+03
   1.7275820e+03
   1.7276500e+03
   1.7282314e+03
   1.7285260e+03
   1.7289829e+03
   1.7292943e+03
   1.7295306e+03
   1.7297768e+03
   1.7305852e+03
   1.7308729e+03
   1.7309672e+03
   1.7318308e+03
   1.7321316e+03
   1.7322723e+03
   1.7332999e+03
   1.7388533e+03
   1.7408947e+03
   1.7410378e+03
   1.7412571e+03
   1.7415113e+03
   1.7432742e+03
   1.7437755e+03
   1.7440619e+03
   1.7447180e+03
   1.7447911e+03
   1.7450763e+03
   1.7453523e+03
   1.7459638e+03
   1.7461074e+03
   1.7465601e+03
   1.7466754e+03
   1.7475106e+03
   1.7476815e+03
   1.7483250e+03
   1.7486316e+03
   1.7487203e+03
   1.7489984e+03
   1.7494885e+03
   1.7495273e+03
   1.7498304e+03
   1.7505876e+03
   1.7516211e+03
   1.7532416e+03
   1.7536634e+03
   1.7538104e+03
   1.7539186e+03
   1.7542072e+03
   1.7549199e+03
   1.7552164e+03
   1.7560346e+03
   1.7560685e+03
   1.7564657e+03
   1.7566124e+03
   1.7570692e+03
   1.7573494e+03
   1.7575383e+03
   1.7577517e+03
   1.7587369e+03
   1.7588663e+03
   1.7591523e+03
   1.7593347e+03
   1.7597585e+03
   1.7601478e+03
   1.7609483e+03
   1.7620937e+03
   1.7626237e+03
   1.7632964e+03
   1.7636282e+03
   1.7641325e+03
   1.7647171e+03
   1.7661716e+03
   1.7664678e+03
   1.7665583e+03
   1.7667152e+03
   1.7676881e+03
   1.7681869e+03
   1.7688439e+03
   1.7692669e+03
   1.7698604e+03
   1.7698662e+03
   1.7701324e+03
   1.7704432e+03
   1.7706395e+03
   1.7710342e+03
   1.7722789e+03
   1.7731027e+03
   1.7733591e+03
   1.7751117e+03
   1.7752428e+03
   1.7762574e+03
   1.7763710e+03
   1.7770458e+03
   1.7774510e+03
   1.7779547e+03
   1.7783329e+03
   1.7784138e+03
   1.7792869e+03
   1.7806958e+03
   1.7808782e+03
   1.7811324e+03
   1.7812458e+03
   1.7814634e+03
   1.7835148e+03
   1.7849091e+03
   1.7865592e+03
   1.7875615e+03
   1.7882822e+03
   1.7884054e+03
   1.7885251e+03
   1.7886336e+03
   1.7893490e+03
   1.7896519e+03
   1.7901272e+03
   1.7902384e+03
   1.7906381e+03
   1.7912831e+03
   1.7913782e+03
   1.7914254e+03
   1.7915858e+03
   1.7926101e+03
   1.7927302e+03
   1.7928276e+03
   1.7936160e+03
   1.7939394e+03
   1.7943575e+03
   1.7949343e+03
   1.7955060e+03
   1.7958699e+03
   1.7960280e+03
   1.7960449e+03
   1.7962888e+03
   1.7971138e+03
   1.7975906e+03
   1.7993518e+03
   1.7994549e+03
   1.7996845e+03
   1.7998391e+03
   1.7999741e+03
   1.8002978e+03
   1.8012025e+03
   1.8013857e+03
   1.8014323e+03
   1.8015556e+03
   1.8015850e+03
   1.8019733e+03
   1.8021577e+03
   1.8022316e+03
   1.8022651e+03
   1.8024984e+03
   1.8027848e+03
   1.8032053e+03
   1.8039434e+03
   1.8043148e+03
   1.8045892e+03
   1.8052069e+03
   1.8052861e+03
   1.8059946e+03
   1.8067533e+03
   1.8075551e+03
   1.8076371e+03
   1.8077815e+03
   1.8078682e+03
   1.8082748e+03
   1.8085115e+03
   1.8086224e+03
   1.8092839e+03
   1.8093320e+03
   1.8099188e+03
   1.8106234e+03
   1.8115149e+03
   1.8117393e+03
   1.8137471e+03
   1.8141420e+03
   1.8143061e+03
   1.8150714e+03
   1.8157425e+03
   1.8176687e+03
   1.8179414e+03
   1.8179611e+03
   1.8182013e+03
   1.8182474e+03
   1.8193965e+03
   1.8197139e+03
   1.8201362e+03
   1.8204116e+03
   1.8211284e+03
   1.8216562e+03
   1.8221018e+03
   1.8237341e+03
   1.8239617e+03
   1.8242498e+03
   1.8251613e+03
   1.8254438e+03
   1.8258480e+03
   1.8265071e+03
   1.8272560e+03
   1.8290726e+03
   1.8299711e+03
   1.8302925e+03
   1.8308469e+03
   1.8312231e+03
   1.8313957e+03
   1.8314546e+03
   1.8316633e+03
   1.8321570e+03
   1.8322553e+03
   1.8325868e+03
   1.8327733e+03
   1.8328961e+03
   1.8330972e+03
   1.8331832e+03
   1.8356381e+03
   1.8357294e+03
   1.8369047e+03
   1.8379636e+03
   1.8382324e+03
   1.8382352e+03
   1.8395861e+03
   1.8399500e+03
   1.8403843e+03
   1.8407378e+03
   1.8408989e+03
   1.8412819e+03
   1.8418991e+03
   1.8420454e+03
   1.8423150e+03
   1.8425937e+03
   1.8436370e+03
   1.8444236e+03
   1.8457972e+03
   1.8462747e+03
   1.8481782e+03
   1.8483530e+03
   1.8484155e+03
   1.8489979e+03
   1.8497344e+03
   1.8507622e+03
   1.8509618e+03
   1.8511230e+03
   1.8512966e+03
   1.8516785e+03
   1.8520522e+03
   1.8530079e+03
   1.8533700e+03
   1.8536001e+03
   1.8538935e+03
   1.8538967e+03
   1.8546707e+03
   1.8556258e+03
   1.8560737e+03
   1.8561116e+03
   1.8564822e+03
   1.8565952e+03
   1.8567083e+03
   1.8568408e+03
   1.8571734e+03
   1.8575718e+03
   1.8576932e+03
   1.8580888e+03
   1.8581252e+03
   1.8585186e+03
   1.8586530e+03
   1.8591173e+03
   1.8602027e+03
   1.8602518e+03
   1.8616417e+03
   1.8622768e+03
   1.8625375e+03
   1.8626652e+03
   1.8627842e+03
   1.8630776e+03
   1.8633452e+03
   1.8641234e+03
   1.8642435e+03
   1.8647738e+03
   1.8649035e+03
   1.8652157e+03
   1.8660035e+03
   1.8662893e+03
   1.8666342e+03
   1.8666632e+03
   1.8671240e+03
   1.8673253e+03
   1.8673597e+03
   1.8684819e+03
   1.8686494e+03
   1.8688733e+03
   1.8689820e+03
   1.8699426e+03
   1.8700933e+03
   1.8720631e+03
   1.8724736e+03
   1.8729758e+03
   1.8734986e+03
   1.8736093e+03
   1.8736806e+03
   1.8741795e+03
   1.8754840e+03
   1.8755648e+03
   1.8758014e+03
   1.8759205e+03
   1.8760271e+03
   1.8762737e+03
   1.8766223e+03
   1.8769941e+03
   1.8773774e+03
   1.8776789e+03
   1.8779234e+03
   1.8780554e+03
   1.8783607e+03
   1.8784580e+03
   1.8785051e+03
   1.8787175e+03
   1.8790583e+03
   1.8791215e+03
   1.8796138e+03
   1.8801631e+03
   1.8803836e+03
   1.8811521e+03
   1.8812317e+03
   1.8821374e+03
   1.8822069e+03
   1.8827990e+03
   1.8829442e+03
   1.8836162e+03
   1.8840762e+03
   1.8841921e+03
   1.8843774e+03
   1.8853758e+03
   1.8859708e+03
   1.8867851e+03
   1.8869233e+03
   1.8873077e+03
   1.8880710e+03
   1.8884897e+03
   1.8887121e+03
   1.8892390e+03
   1.8900377e+03
   1.8912516e+03
   1.8913115e+03
   1.8920527e+03
   1.8923959e+03
   1.8929723e+03
   1.8940104e+03
   1.8953129e+03
   1.8955183e+03
   1.8956920e+03
   1.8962533e+03
   1.8964164e+03
   1.8967774e+03
   1.8971112e+03
   1.8972468e+03
   1.8983630e+03
   1.8991959e+03
   1.8996360e+03
   1.8998340e+03
   1.9002061e+03
   1.9004544e+03
   1.9005867e+03
   1.9007135e+03
   1.9013402e+03
   1.9017425e+03
   1.9018576e+03
   1.9022097e+03
   1.9024983e+03
   1.9038569e+03
   1.9048925e+03
   1.9050036e+03
   1.9050210e+03
   1.9050274e+03
   1.9050750e+03
   1.9056954e+03
   1.9059648e+03
   1.9063300e+03
   1.9067047e+03
   1.9071538e+03
   1.9072762e+03
   1.9073792e+03
   1.9083911e+03
   1.9086698e+03
   1.9088520e+03
   1.9089320e+03
   1.9089564e+03
   1.9090392e+03
   1.9091463e+03
   1.9092304e+03
   1.9094787e+03
   1.9096675e+03
   1.9097423e+03
   1.9099245e+03
   1.9106731e+03
   1.9107195e+03
   1.9109270e+03
   1.9109869e+03
   1.9112227e+03
   1.9112580e+03
   1.9118345e+03
   1.9119364e+03
   1.9123864e+03
   1.9131981e+03
   1.9134987e+03
   1.9135292e+03
   1.9138245e+03
   1.9145099e+03
   1.9153067e+03
   1.9155470e+03
   1.9156277e+03
   1.9156387e+03
   1.9159940e+03
   1.9164306e+03
   1.9165940e+03
   1.9166967e+03
   1.9166988e+03
   1.9167184e+03
   1.9171750e+03
   1.9173917e+03
   1.9178023e+03
   1.9181195e+03
   1.9182166e+03
   1.9187585e+03
   1.9192946e+03
   1.9199850e+03
   1.9200313e+03
   1.9202284e+03
   1.9215685e+03
   1.9216889e+03
   1.9221863e+03
   1.9224589e+03
   1.9225105e+03
   1.9225792e+03
   1.9228285e+03
   1.9229239e+03
   1.9238631e+03
   1.9242167e+03
   1.9246421e+03
   1.9250995e+03
   1.9252571e+03
   1.9271044e+03
   1.9273907e+03
   1.9284770e+03
   1.9301979e+03
   1.9309322e+03
   1.9321678e+03
   1.9321712e+03
   1.9324988e+03
   1.9328495e+03
   1.9333104e+03
   1.9344768e+03
   1.9346205e+03
   1.9347291e+03
   1.9357918e+03
   1.9357952e+03
   1.9363580e+03
   1.9369917e+03
   1.9372195e+03
   1.9385430e+03
   1.9390727e+03
   1.9395605e+03
   1.9398355e+03
   1.9399418e+03
   1.9400531e+03
   1.9402839e+03
   1.9405006e+03
   1.9430536e+03
   1.9433987e+03
   1.9436270e+03
   1.9444251e+03
   1.9447290e+03
   1.9468480e+03
   1.9473510e+03
   1.9482797e+03
   1.9483734e+03
   1.9486735e+03
   1.9492875e+03
   1.9500138e+03
   1.9501709e+03
   1.9508374e+03
   1.9514654e+03
   1.9520218e+03
   1.9525079e+03
   1.9528542e+03
   1.9533521e+03
   1.9533994e+03
   1.9549139e+03
   1.9549341e+03
   1.9554114e+03
   1.9561058e+03
   1.9562378e+03
   1.9571950e+03
   1.9575281e+03
   1.9581744e+03
   1.9581853e+03
   1.9585789e+03
   1.9589929e+03
   1.9591064e+03
   1.9594853e+03
   1.9597809e+03
   1.9602230e+03
   1.9603329e+03
   1.9604472e+03
   1.9606055e+03
   1.9609393e+03
   1.9609971e+03
   1.9614828e+03
   1.9619076e+03
   1.9629358e+03
   1.9630518e+03
   1.9632501e+03
   1.9633057e+03
   1.9633944e+03
   1.9635971e+03
   1.9642392e+03
   1.9652906e+03
   1.9654807e+03
   1.9667570e+03
   1.9672757e+03
   1.9683259e+03
   1.9685805e+03
   1.9686562e+03
   1.9687869e+03
   1.9688310e+03
   1.9692428e+03
   1.9693913e+03
   1.9696960e+03
   1.9701699e+03
   1.9702778e+03
   1.9703626e+03
   1.9704181e+03
   1.9715244e+03
   1.9715273e+03
   1.9722171e+03
   1.9726100e+03
   1.9730114e+03
   1.9730901e+03
   1.9734662e+03
   1.9745852e+03
   1.9748064e+03
   1.9753979e+03
   1.9764555e+03
   1.9765311e+03
   1.9767814e+03
   1.9774354e+03
   1.9774385e+03
   1.9776186e+03
   1.9776612e+03
   1.9781146e+03
   1.9781622e+03
   1.9782224e+03
   1.9786929e+03
   1.9791474e+03
   1.9797928e+03
   1.9799441e+03
   1.9809515e+03
   1.9824269e+03
   1.9827827e+03
   1.9830276e+03
   1.9830841e+03
   1.9831622e+03
   1.9834093e+03
   1.9839785e+03
   1.9842231e+03
   1.9844749e+03
   1.9844809e+03
   1.9847166e+03
   1.9850354e+03
   1.9851481e+03
   1.9852110e+03
   1.9852954e+03
   1.9853630e+03
   1.9854296e+03
   1.9855338e+03
   1.9856811e+03
   1.9863041e+03
   1.9863309e+03
   1.9871657e+03
   1.9873510e+03
   1.9876124e+03
   1.9876194e+03
   1.9880223e+03
   1.9883904e+03
   1.9886986e+03
   1.9889596e+03
   1.9891166e+03
   1.9893936e+03
   1.9902941e+03
   1.9906155e+03
   1.9907401e+03
   1.9913029e+03
   1.9915240e+03
   1.9923144e+03
   1.9925674e+03
   1.9926401e+03
   1.9929684e+03
   1.9942289e+03
   1.9943325e+03
   1.9946309e+03
   1.9953087e+03
   1.9959352e+03
   1.9964515e+03
   1.9972648e+03
   1.9976577e+03
   1.9980090e+03
   1.9982435e+03
   1.9987004e+03
   1.9993518e+03
   1.9993888e+03
   1.9999590e+03
   2.0001208e+03
   2.0006909e+03
   2.0016905e+03
   2.0034765e+03
   2.0045151e+03
   2.0047269e+03
   2.0048725e+03
   2.0050945e+03
   2.0057380e+03
   2.0058215e+03
   2.0059994e+03
   2.0065565e+03
   2.0069025e+03
   2.0082131e+03
   2.0098145e+03
   2.0104909e+03
   2.0108848e+03
   2.0110078e+03
   2.0111854e+03
   2.0113254e+03
   2.0126389e+03
   2.0127804e+03
   2.0129135e+03
   2.0129578e+03
   2.0131920e+03
   2.0132664e+03
   2.0134105e+03
   2.0139589e+03
   2.0143069e+03
   2.0146688e+03
   2.0147014e+03
   2.0149230e+03
   2.0153949e+03
   2.0154624e+03
   2.0163437e+03
   2.0164685e+03
   2.0188189e+03
   2.0195407e+03
   2.0198104e+03
   2.0200936e+03
   2.0203070e+03
   2.0204680e+03
   2.0211222e+03
   2.0212375e+03
   2.0214244e+03
   2.0217797e+03
   2.0229566e+03
   2.0233903e+03
   2.0234297e+03
   2.0234888e+03
   2.0235225e+03
   2.0242123e+03
   2.0247684e+03
   2.0247714e+03
   2.0247905e+03
   2.0250193e+03
   2.0251388e+03
   2.0253860e+03
   2.0255651e+03
   2.0255975e+03
   2.0259661e+03
   2.0261629e+03
   2.0265521e+03
   2.0276042e+03
   2.0276432e+03
   2.0277246e+03
   2.0285255e+03
   2.0288390e+03
   2.0289969e+03
   2.0303797e+03
   2.0304029e+03
   2.0312929e+03
   2.0315983e+03
   2.0338827e+03
   2.0341133e+03
   2.0346503e+03
   2.0348410e+03
   2.0349874e+03
   2.0350308e+03
   2.0356884e+03
   2.0359906e+03
   2.0380626e+03
   2.0382418e+03
   2.0384013e+03
   2.0390427e+03
   2.0394889e+03
   2.0413482e+03
   2.0424338e+03
   2.0436695e+03
   2.0442158e+03
   2.0442450e+03
   2.0444033e+03
   2.0448266e+03
   2.0456674e+03
   2.0461528e+03
   2.0467562e+03
   2.0468520e+03
   2.0472159e+03
   2.0478048e+03
   2.0493359e+03
   2.0512075e+03
   2.0532325e+03
   2.0534887e+03
   2.0544506e+03
   2.0545535e+03
   2.0557038e+03
   2.0559217e+03
   2.0564249e+03
   2.0568070e+03
   2.0569047e+03
   2.0594833e+03
   2.0597203e+03
   2.0603518e+03
   2.0607297e+03
   2.0612356e+03
   2.0615595e+03
   2.0616824e+03
   2.0626857e+03
   2.0627475e+03
   2.0629751e+03
   2.0630388e+03
   2.0637322e+03
   2.0638992e+03
   2.0647864e+03
   2.0649718e+03
   2.0650732e+03
   2.0652398e+03
   2.0675249e+03
   2.0676634e+03
   2.0682389e+03
   2.0707819e+03
   2.0708657e+03
   2.0710203e+03
   2.0711453e+03
   2.0716688e+03
   2.0720704e+03
   2.0725014e+03
   2.0726559e+03
   2.0728931e+03
   2.0740426e+03
   2.0741510e+03
   2.0743949e+03
   2.0747325e+03
   2.0751978e+03
   2.0752002e+03
   2.0752523e+03
   2.0770145e+03
   2.0776753e+03
   2.0779846e+03
   2.0780457e+03
   2.0796173e+03
   2.0798138e+03
   2.0800642e+03
   2.0808109e+03
   2.0815390e+03
   2.0825682e+03
   2.0827242e+03
   2.0828856e+03
   2.0834362e+03
   2.0844657e+03
   2.0845493e+03
   2.0846245e+03
   2.0850026e+03
   2.0858769e+03
   2.0858838e+03
   2.0859967e+03
   2.0865704e+03
   2.0877416e+03
   2.0880249e+03
   2.0885856e+03
   2.0897708e+03
   2.0902501e+03
   2.0904719e+03
   2.0911328e+03
   2.0917368e+03
   2.0919365e+03
   2.0922817e+03
   2.0944163e+03
   2.0968896e+03
   2.0970576e+03
   2.0975746e+03
   2.0984900e+03
   2.0991181e+03
   2.0992011e+03
   2.0993026e+03
   2.0993537e+03
   2.0997451e+03
   2.1008151e+03
   2.1013046e+03
   2.1014023e+03
   2.1019227e+03
   2.1026479e+03
   2.1039991e+03
   2.1047338e+03
   2.1063039e+03
   2.1063329e+03
   2.1071152e+03
   2.1077877e+03
   2.1087060e+03
   2.1089010e+03
   2.1090278e+03
   2.1091690e+03
   2.1108072e+03
   2.1120907e+03
   2.1122049e+03
   2.1122292e+03
   2.1124328e+03
   2.1130813e+03
   2.1150657e+03
   2.1162643e+03
   2.1185129e+03
   2.1189390e+03
   2.1195924e+03
   2.1199141e+03
   2.1203227e+03
   2.1213794e+03
   2.1214985e+03
   2.1219277e+03
   2.1224241e+03
   2.1224747e+03
   2.1230250e+03
   2.1235630e+03
   2.1236701e+03
   2.1242722e+03
   2.1244920e+03
   2.1268781e+03
   2.1270819e+03
   2.1273275e+03
   2.1304351e+03
   2.1314151e+03
   2.1329516e+03
   2.1341204e+03
   2.1343500e+03
   2.1350155e+03
   2.1351381e+03
   2.1353347e+03
   2.1355665e+03
   2.1360144e+03
   2.1360671e+03
   2.1366298e+03
   2.1374209e+03
   2.1384999e+03
   2.1390976e+03
   2.1391006e+03
   2.1392252e+03
   2.1392386e+03
   2.1395530e+03
   2.1396459e+03
   2.1397707e+03
   2.1406081e+03
   2.1412892e+03
   2.1413166e+03
   2.1432499e+03
   2.1435442e+03
   2.1435906e+03
   2.1456058e+03
   2.1456092e+03
   2.1457994e+03
   2.1481833e+03
   2.1488996e+03
   2.1491285e+03
   2.1491420e+03
   2.1498300e+03
   2.1499612e+03
   2.1502019e+03
   2.1509920e+03
   2.1533113e+03
   2.1536237e+03
   2.1557324e+03
   2.1579713e+03
   2.1589842e+03
   2.1589867e+03
   2.1606321e+03
   2.1607964e+03
   2.1633841e+03
   2.1644618e+03
   2.1645822e+03
   2.1650918e+03
   2.1653243e+03
   2.1661141e+03
   2.1663407e+03
   2.1668064e+03
   2.1668542e+03
   2.1669573e+03
   2.1670165e+03
   2.1674363e+03
   2.1679334e+03
   2.1690323e+03
   2.1711204e+03
   2.1721774e+03
   2.1732291e+03
   2.1734267e+03
   2.1736691e+03
   2.1744867e+03
   2.1755698e+03
   2.1755725e+03
   2.1758833e+03
   2.1765726e+03
   2.1767212e+03
   2.1780578e+03
   2.1781906e+03
   2.1784801e+03
   2.1785872e+03
   2.1795079e+03
   2.1804186e+03
   2.1811077e+03
   2.1820779e+03
   2.1828478e+03
   2.1828606e+03
   2.1842281e+03
   2.1848684e+03
   2.1868483e+03
   2.1879027e+03
   2.1880629e+03
   2.1881453e+03
   2.1882710e+03
   2.1887062e+03
   2.1896556e+03
   2.1903572e+03
   2.1924893e+03
   2.1925970e+03
   2.1930051e+03
   2.1933613e+03
   2.1937197e+03
   2.1955581e+03
   2.1961586e+03
   2.1963973e+03
   2.1969372e+03
   2.1970561e+03
   2.1970639e+03
   2.1990918e+03
   2.2018965e+03
   2.2029495e+03
   2.2033873e+03
   2.2039380e+03
   2.2052227e+03
   2.2054302e+03
   2.2054610e+03
   2.2058083e+03
   2.2063677e+03
   2.2070565e+03
   2.2094516e+03
   2.2100067e+03
   2.2116336e+03
   2.2148775e+03
   2.2152964e+03
   2.2154218e+03
   2.2157311e+03
   2.2165295e+03
   2.2170685e+03
   2.2173464e+03
   2.2181410e+03
   2.2185453e+03
   2.2200303e+03
   2.2201141e+03
   2.2204184e+03
   2.2205794e+03
   2.2220511e+03
   2.2222056e+03
   2.2226959e+03
   2.2229287e+03
   2.2234559e+03
   2.2249801e+03
   2.2250560e+03
   2.2252251e+03
   2.2256458e+03
   2.2261456e+03
   2.2262416e+03
   2.2265892e+03
   2.2281692e+03
   2.2288743e+03
   2.2298933e+03
   2.2304377e+03
   2.2309534e+03
   2.2312362e+03
   2.2315406e+03
   2.2319367e+03
   2.2323441e+03
   2.2323860e+03
   2.2326920e+03
   2.2329443e+03
   2.2353344e+03
   2.2354005e+03
   2.2356276e+03
   2.2359024e+03
   2.2359895e+03
   2.2368755e+03
   2.2375747e+03
   2.2378044e+03
   2.2392125e+03
   2.2397197e+03
   2.2399019e+03
   2.2418865e+03
   2.2450112e+03
   2.2491614e+03
   2.2494531e+03
   2.2504886e+03
   2.2504919e+03
   2.2510019e+03
   2.2513041e+03
   2.2514306e+03
   2.2516279e+03
   2.2517627e+03
   2.2518583e+03
   2.2521175e+03
   2.2527758e+03
   2.2529143e+03
   2.2537883e+03
   2.2542588e+03
   2.2543243e+03
   2.2545253e+03
   2.2553802e+03
   2.2554809e+03
   2.2556417e+03
   2.2558789e+03
   2.2559005e+03
   2.2572163e+03
   2.2585303e+03
   2.2586404e+03
   2.2618919e+03
   2.2623547e+03
   2.2624078e+03
   2.2631242e+03
   2.2634450e+03
   2.2640902e+03
   2.2647390e+03
   2.2654078e+03
   2.2659387e+03
   2.2677058e+03
   2.2677139e+03
   2.2680222e+03
   2.2687984e+03
   2.2691597e+03
   2.2694922e+03
   2.2697051e+03
   2.2700340e+03
   2.2711379e+03
   2.2717035e+03
   2.2718972e+03
   2.2719178e+03
   2.2720608e+03
   2.2723272e+03
   2.2729292e+03
   2.2735483e+03
   2.2736714e+03
   2.2738398e+03
   2.2742101e+03
   2.2743938e+03
   2.2758027e+03
   2.2758627e+03
   2.2761928e+03
   2.2763097e+03
   2.2779582e+03
   2.2780708e+03
   2.2781197e+03
   2.2781694e+03
   2.2784760e+03
   2.2789357e+03
   2.2791336e+03
   2.2791867e+03
   2.2804816e+03
   2.2805873e+03
   2.2809306e+03
   2.2812650e+03
   2.2815112e+03
   2.2820591e+03
   2.2824543e+03
   2.2831194e+03
   2.2832313e+03
   2.2836321e+03
   2.2837072e+03
   2.2842197e+03
   2.2843626e+03
   2.2847888e+03
   2.2849644e+03
   2.2850648e+03
   2.2850972e+03
   2.2852646e+03
   2.2863679e+03
   2.2865115e+03
   2.2866657e+03
   2.2867382e+03
   2.2871905e+03
   2.2877558e+03
   2.2883125e+03
   2.2887375e+03
   2.2890365e+03
   2.2891104e+03
   2.2900565e+03
   2.2904296e+03
   2.2907215e+03
   2.2915594e+03
   2.2926136e+03
   2.2938366e+03
   2.2950353e+03
   2.2951740e+03
   2.2962346e+03
   2.2963893e+03
   2.2964033e+03
   2.2972245e+03
   2.2973872e+03
   2.2978199e+03
   2.2985036e+03
   2.2996322e+03
   2.2996891e+03
   2.3001244e+03
   2.3012734e+03
   2.3017241e+03
   2.3024060e+03
   2.3032200e+03
   2.3034068e+03
   2.3036114e+03
   2.3038845e+03
   2.3038879e+03
   2.3050297e+03
   2.3058685e+03
   2.3062347e+03
   2.3072375e+03
   2.3077249e+03
   2.3087411e+03
   2.3088679e+03
   2.3095118e+03
   2.3097089e+03
   2.3105687e+03
   2.3108364e+03
   2.3150657e+03
   2.3159343e+03
   2.3175925e+03
   2.3178130e+03
   2.3179817e+03
   2.3186101e+03
   2.3209447e+03
   2.3217647e+03
   2.3232877e+03
   2.3232899e+03
   2.3239871e+03
   2.3248030e+03
   2.3254342e+03
   2.3254793e+03
   2.3257791e+03
   2.3262817e+03
   2.3276730e+03
   2.3287604e+03
   2.3292348e+03
   2.3298477e+03
   2.3310290e+03
   2.3315266e+03
   2.3316220e+03
   2.3319913e+03
   2.3339210e+03
   2.3340523e+03
   2.3343263e+03
   2.3352107e+03
   2.3361210e+03
   2.3362526e+03
   2.3363898e+03
   2.3364825e+03
   2.3370259e+03
   2.3377703e+03
   2.3378834e+03
   2.3380416e+03
   2.3381932e+03
   2.3384223e+03
   2.3385353e+03
   2.3388642e+03
   2.3388951e+03
   2.3391337e+03
   2.3394320e+03
   2.3395577e+03
   2.3400573e+03
   2.3410511e+03
   2.3412984e+03
   2.3432777e+03
   2.3437153e+03
   2.3439122e+03
   2.3445652e+03
   2.3449019e+03
   2.3451161e+03
   2.3452326e+03
   2.3453094e+03
   2.3454423e+03
   2.3455484e+03
   2.3464825e+03
   2.3469219e+03
   2.3474613e+03
   2.3479326e+03
   2.3480377e+03
   2.3489275e+03
   2.3489703e+03
   2.3498972e+03
   2.3500910e+03
   2.3525093e+03
   2.3528701e+03
   2.3550688e+03
   2.3557428e+03
   2.3563344e+03
   2.3595516e+03
   2.3595894e+03
   2.3603320e+03
   2.3603538e+03
   2.3604387e+03
   2.3624841e+03
   2.3629747e+03
   2.3630295e+03
   2.3630895e+03
   2.3646449e+03
   2.3649658e+03
   2.3663044e+03
   2.3674721e+03
   2.3691278e+03
   2.3692920e+03
   2.3694714e+03
   2.3694789e+03
   2.3721264e+03
   2.3722550e+03
   2.3727697e+03
   2.3742509e+03
   2.3742534e+03
   2.3745992e+03
   2.3752683e+03
   2.3758039e+03
   2.3765445e+03
   2.3768888e+03
   2.3772022e+03
   2.3773646e+03
   2.3776831e+03
   2.3777627e+03
   2.3780659e+03
   2.3786530e+03
   2.3787635e+03
   2.3788118e+03
   2.3801025e+03
   2.3805092e+03
   2.3807468e+03
   2.3817068e+03
   2.3820338e+03
   2.3828733e+03
   2.3830561e+03
   2.3833112e+03
   2.3833905e+03
   2.3850600e+03
   2.3858559e+03
   2.3861187e+03
   2.3863082e+03
   2.3870320e+03
   2.3871477e+03
   2.3891576e+03
   2.3897114e+03
   2.3897166e+03
   2.3902459e+03
   2.3911167e+03
   2.3918236e+03
   2.3937147e+03
   2.3942085e+03
   2.3944807e+03
   2.3968416e+03
   2.3979931e+03
   2.3981849e+03
   2.3986073e+03
   2.3990049e+03
   2.3992575e+03
   2.3995527e+03
   2.4001350e+03
   2.4001531e+03
   2.4008510e+03
   2.4018420e+03
   2.4027997e+03
   2.4035853e+03
   2.4054776e+03
   2.4056854e+03
   2.4059141e+03
   2.4063424e+03
   2.4064859e+03
   2.4074147e+03
   2.4075263e+03
   2.4078973e+03
   2.4097395e+03
   2.4102624e+03
   2.4109219e+03
   2.4120498e+03
   2.4124718e+03
   2.4128559e+03
   2.4140267e+03
   2.4141836e+03
   2.4142656e+03
   2.4145700e+03
   2.4149336e+03
   2.4150543e+03
   2.4157420e+03
   2.4181613e+03
   2.4189667e+03
   2.4233221e+03
   2.4236819e+03
   2.4237571e+03
   2.4241563e+03
   2.4243326e+03
   2.4245174e+03
   2.4246356e+03
   2.4249116e+03
   2.4256630e+03
   2.4264710e+03
   2.4266237e+03
   2.4287011e+03
   2.4288562e+03
   2.4289115e+03
   2.4291693e+03
   2.4302456e+03
   2.4306218e+03
   2.4310818e+03
   2.4325128e+03
   2.4327472e+03
   2.4328766e+03
   2.4335825e+03
   2.4344468e+03
   2.4345593e+03
   2.4346575e+03
   2.4349483e+03
   2.4349894e+03
   2.4376871e+03
   2.4398891e+03
   2.4414278e+03
   2.4419520e+03
   2.4423035e+03
   2.4425069e+03
   2.4435229e+03
   2.4445255e+03
   2.4448604e+03
   2.4471984e+03
   2.4485081e+03
   2.4487601e+03
   2.4489742e+03
   2.4498752e+03
   2.4501578e+03
   2.4502666e+03
   2.4503627e+03
   2.4518734e+03
   2.4544421e+03
   2.4546027e+03
   2.4547982e+03
   2.4552043e+03
   2.4561654e+03
   2.4572186e+03
   2.4572327e+03
   2.4583102e+03
   2.4596520e+03
   2.4617953e+03
   2.4627238e+03
   2.4629740e+03
   2.4629767e+03
   2.4633808e+03
   2.4645354e+03
   2.4658568e+03
   2.4661017e+03
   2.4663129e+03
   2.4673003e+03
   2.4699549e+03
   2.4717288e+03
   2.4729167e+03
   2.4734527e+03
   2.4746381e+03
   2.4752006e+03
   2.4755390e+03
   2.4768945e+03
   2.4769958e+03
   2.4794784e+03
   2.4799555e+03
   2.4800695e+03
   2.4813340e+03
   2.4819255e+03
   2.4820712e+03
   2.4831823e+03
   2.4837462e+03
   2.4852366e+03
   2.4855658e+03
   2.4862895e+03
   2.4863364e+03
   2.4868348e+03
   2.4874881e+03
   2.4892721e+03
   2.4932403e+03
   2.4945595e+03
   2.4951115e+03
   2.4953998e+03
   2.4956377e+03
   2.4959219e+03
   2.4966436e+03
   2.4971380e+03
   2.4992417e+03
   2.4992463e+03
   2.4994742e+03
   2.4995701e+03
   2.5019473e+03
   2.5035426e+03
   2.5077089e+03
   2.5079443e+03
   2.5089866e+03
   2.5095345e+03
   2.5098154e+03
   2.5099604e+03
   2.5102711e+03
   2.5106443e+03
   2.5109460e+03
   2.5110502e+03
   2.5118811e+03
   2.5130241e+03
   2.5132260e+03
   2.5133140e+03
   2.5133639e+03
   2.5137771e+03
   2.5147469e+03
   2.5157858e+03
   2.5165525e+03
   2.5167456e+03
   2.5168482e+03
   2.5171370e+03
   2.5172781e+03
   2.5187298e+03
   2.5190204e+03
   2.5195820e+03
   2.5205586e+03
   2.5229117e+03
   2.5231536e+03
   2.5231707e+03
   2.5237232e+03
   2.5237539e+03
   2.5238668e+03
   2.5239184e+03
   2.5241480e+03
   2.5245493e+03
   2.5249516e+03
   2.5288608e+03
   2.5297569e+03
   2.5298751e+03
   2.5309803e+03
   2.5315956e+03
   2.5347856e+03
   2.5353598e+03
   2.5360722e+03
   2.5360831e+03
   2.5372717e+03
   2.5377029e+03
   2.5378075e+03
   2.5385382e+03
   2.5393583e+03
   2.5404139e+03
   2.5415564e+03
   2.5416098e+03
   2.5425628e+03
   2.5427301e+03
   2.5444369e+03
   2.5446015e+03
   2.5448407e+03
   2.5462832e+03
   2.5472806e+03
   2.5477115e+03
   2.5478250e+03
   2.5485882e+03
   2.5487312e+03
   2.5493384e+03
   2.5495257e+03
   2.5498575e+03
   2.5501381e+03
   2.5525701e+03
   2.5534315e+03
   2.5542601e+03
   2.5544783e+03
   2.5546077e+03
   2.5548967e+03
   2.5555549e+03
   2.5557893e+03
   2.5564456e+03
   2.5576981e+03
   2.5583064e+03
   2.5583797e+03
   2.5584090e+03
   2.5585653e+03
   2.5599080e+03
   2.5606935e+03
   2.5618132e+03
   2.5629254e+03
   2.5630531e+03
   2.5631054e+03
   2.5644412e+03
   2.5647375e+03
   2.5672496e+03
   2.5690347e+03
   2.5699753e+03
   2.5705374e+03
   2.5706646e+03
   2.5707605e+03
   2.5708773e+03
   2.5709227e+03
   2.5713184e+03
   2.5714914e+03
   2.5724625e+03
   2.5741052e+03
   2.5765916e+03
   2.5766553e+03
   2.5787866e+03
   2.5795019e+03
   2.5797445e+03
   2.5811227e+03
   2.5816629e+03
   2.5820119e+03
   2.5825156e+03
   2.5826698e+03
   2.5827458e+03
   2.5835049e+03
   2.5856605e+03
   2.5861172e+03
   2.5863236e+03
   2.5891460e+03
   2.5918789e+03
   2.5919824e+03
   2.5923202e+03
   2.5928646e+03
   2.5941821e+03
   2.5958416e+03
   2.5979713e+03
   2.5982485e+03
   2.5985691e+03
   2.6024781e+03
   2.6043048e+03
   2.6046452e+03
   2.6051255e+03
   2.6052269e+03
   2.6058708e+03
   2.6064201e+03
   2.6075087e+03
   2.6081568e+03
   2.6099336e+03
   2.6112478e+03
   2.6115049e+03
   2.6132312e+03
   2.6137698e+03
   2.6139707e+03
   2.6140907e+03
   2.6157036e+03
   2.6159349e+03
   2.6160179e+03
   2.6170386e+03
   2.6186370e+03
   2.6195614e+03
   2.6198945e+03
   2.6204595e+03
   2.6206247e+03
   2.6210848e+03
   2.6211851e+03
   2.6214753e+03
   2.6220764e+03
   2.6230300e+03
   2.6237248e+03
   2.6251369e+03
   2.6254797e+03
   2.6258596e+03
   2.6262465e+03
   2.6271816e+03
   2.6286741e+03
   2.6295032e+03
   2.6301924e+03
   2.6311865e+03
   2.6313519e+03
   2.6330006e+03
   2.6330531e+03
   2.6336132e+03
   2.6343088e+03
   2.6348471e+03
   2.6350138e+03
   2.6350574e+03
   2.6361001e+03
   2.6382326e+03
   2.6387665e+03
   2.6414619e+03
   2.6421980e+03
   2.6428427e+03
   2.6428691e+03
   2.6438092e+03
   2.6445747e+03
   2.6472387e+03
   2.6495421e+03
   2.6502437e+03
   2.6510192e+03
   2.6510669e+03
   2.6513021e+03
   2.6517188e+03
   2.6523891e+03
   2.6526786e+03
   2.6529637e+03
   2.6542524e+03
   2.6544497e+03
   2.6555628e+03
   2.6560877e+03
   2.6563385e+03
   2.6565087e+03
   2.6573983e+03
   2.6582103e+03
   2.6583360e+03
   2.6592007e+03
   2.6592834e+03
   2.6594089e+03
   2.6594830e+03
   2.6596080e+03
   2.6617850e+03
   2.6628498e+03
   2.6633632e+03
   2.6641116e+03
   2.6656383e+03
   2.6670977e+03
   2.6676077e+03
   2.6682267e+03
   2.6701962e+03
   2.6731388e+03
   2.6744594e+03
   2.6751931e+03
   2.6752651e+03
   2.6754581e+03
   2.6768991e+03
   2.6774369e+03
   2.6774475e+03
   2.6775076e+03
   2.6778792e+03
   2.6790704e+03
   2.6803207e+03
   2.6806240e+03
   2.6813147e+03
   2.6834099e+03
   2.6835676e+03
   2.6838864e+03
   2.6842386e+03
   2.6847109e+03
   2.6847465e+03
   2.6859743e+03
   2.6861273e+03
   2.6875700e+03
   2.6877817e+03
   2.6880758e+03
   2.6883860e+03
   2.6894718e+03
   2.6904594e+03
   2.6904632e+03
   2.6923664e+03
   2.6956204e+03
   2.6967579e+03
   2.6985127e+03
   2.7007369e+03
   2.7009779e+03
   2.7025000e+03
   2.7029789e+03
   2.7036800e+03
   2.7048396e+03
   2.7049709e+03
   2.7050156e+03
   2.7053706e+03
   2.7054548e+03
   2.7064343e+03
   2.7073441e+03
   2.7086286e+03
   2.7087134e+03
   2.7090734e+03
   2.7094799e+03
   2.7134190e+03
   2.7134691e+03
   2.7136345e+03
   2.7144275e+03
   2.7144451e+03
   2.7158238e+03
   2.7159357e+03
   2.7161446e+03
   2.7173616e+03
   2.7187967e+03
   2.7192152e+03
   2.7192486e+03
   2.7193113e+03
   2.7194956e+03
   2.7201617e+03
   2.7204050e+03
   2.7204658e+03
   2.7210660e+03
   2.7211465e+03
   2.7212724e+03
   2.7212772e+03
   2.7214792e+03
   2.7224084e+03
   2.7228116e+03
   2.7245747e+03
   2.7247987e+03
   2.7249267e+03
   2.7261870e+03
   2.7276620e+03
   2.7284961e+03
   2.7288373e+03
   2.7308826e+03
   2.7317942e+03
   2.7324547e+03
   2.7327908e+03
   2.7352462e+03
   2.7358275e+03
   2.7375189e+03
   2.7376428e+03
   2.7379666e+03
   2.7385942e+03
   2.7388651e+03
   2.7394476e+03
   2.7394891e+03
   2.7398285e+03
   2.7411870e+03
   2.7422595e+03
   2.7422703e+03
   2.7434453e+03
   2.7437940e+03
   2.7446064e+03
   2.7451492e+03
   2.7452820e+03
   2.7477321e+03
   2.7498129e+03
   2.7506704e+03
   2.7551564e+03
   2.7553687e+03
   2.7556054e+03
   2.7594764e+03
   2.7609288e+03
   2.7611801e+03
   2.7629005e+03
   2.7633225e+03
   2.7633333e+03
   2.7637960e+03
   2.7643663e+03
   2.7645878e+03
   2.7669388e+03
   2.7686987e+03
   2.7687464e+03
   2.7687593e+03
   2.7690871e+03
   2.7736035e+03
   2.7741892e+03
   2.7742444e+03
   2.7747602e+03
   2.7764987e+03
   2.7767329e+03
   2.7775631e+03
   2.7778989e+03
   2.7786370e+03
   2.7801254e+03
   2.7807282e+03
   2.7811828e+03
   2.7812274e+03
   2.7815622e+03
   2.7818508e+03
   2.7827300e+03
   2.7829570e+03
   2.7830648e+03
   2.7846533e+03
   2.7877608e+03
   2.7884684e+03
   2.7893174e+03
   2.7895488e+03
   2.7905211e+03
   2.7913959e+03
   2.7931793e+03
   2.7963141e+03
   2.7967811e+03
   2.7982952e+03
   2.7983767e+03
   2.7996408e+03
   2.8003657e+03
   2.8016872e+03
   2.8018652e+03
   2.8039407e+03
   2.8055976e+03
   2.8060885e+03
   2.8088061e+03
   2.8101324e+03
   2.8101881e+03
   2.8102658e+03
   2.8124898e+03
   2.8125830e+03
   2.8127413e+03
   2.8134423e+03
   2.8163272e+03
   2.8170316e+03
   2.8179544e+03
   2.8200271e+03
   2.8211671e+03
   2.8222947e+03
   2.8237547e+03
   2.8247121e+03
   2.8259647e+03
   2.8266812e+03
   2.8272201e+03
   2.8281174e+03
   2.8288723e+03
   2.8294441e+03
   2.8294470e+03
   2.8305274e+03
   2.8312334e+03
   2.8312390e+03
   2.8313806e+03
   2.8316725e+03
   2.8317672e+03
   2.8324903e+03
   2.8326062e+03
   2.8327507e+03
   2.8331922e+03
   2.8332161e+03
   2.8332734e+03
   2.8333585e+03
   2.8343203e+03
   2.8350660e+03
   2.8355903e+03
   2.8356908e+03
   2.8358789e+03
   2.8372157e+03
   2.8374651e+03
   2.8394778e+03
   2.8399364e+03
   2.8402497e+03
   2.8411686e+03
   2.8416652e+03
   2.8417366e+03
   2.8425003e+03
   2.8425648e+03
   2.8427813e+03
   2.8428603e+03
   2.8433760e+03
   2.8435561e+03
   2.8438424e+03
   2.8444975e+03
   2.8449431e+03
   2.8461285e+03
   2.8464882e+03
   2.8493765e+03
   2.8495034e+03
   2.8497943e+03
   2.8500541e+03
   2.8509772e+03
   2.8534520e+03
   2.8535737e+03
   2.8535886e+03
   2.8547496e+03
   2.8547549e+03
   2.8554792e+03
   2.8557617e+03
   2.8563619e+03
   2.8564849e+03
   2.8579875e+03
   2.8591370e+03
   2.8603184e+03
   2.8609109e+03
   2.8611892e+03
   2.8615921e+03
   2.8618731e+03
   2.8632678e+03
   2.8638001e+03
   2.8638032e+03
   2.8646132e+03
   2.8650754e+03
   2.8652483e+03
   2.8655127e+03
   2.8655885e+03
   2.8674214e+03
   2.8700253e+03
   2.8721737e+03
   2.8723157e+03
   2.8727534e+03
   2.8727718e+03
   2.8733924e+03
   2.8735930e+03
   2.8744167e+03
   2.8755343e+03
   2.8756744e+03
   2.8758007e+03
   2.8761748e+03
   2.8766333e+03
   2.8769670e+03
   2.8778811e+03
   2.8784504e+03
   2.8786618e+03
   2.8787552e+03
   2.8804459e+03
   2.8810838e+03
   2.8830001e+03
   2.8833258e+03
   2.8834637e+03
   2.8846806e+03
   2.8848355e+03
   2.8869045e+03
   2.8882439e+03
   2.8885312e+03
   2.8896979e+03
   2.8901203e+03
   2.8907550e+03
   2.8921957e+03
   2.8924909e+03
   2.8952414e+03
   2.8969479e+03
   2.8971302e+03
   2.9004196e+03
   2.9012575e+03
   2.9040655e+03
   2.9056153e+03
   2.9058152e+03
   2.9060185e+03
   2.9090462e+03
   2.9102874e+03
   2.9107698e+03
   2.9107940e+03
   2.9108049e+03
   2.9111818e+03
   2.9113588e+03
   2.9124556e+03
   2.9141957e+03
   2.9165144e+03
   2.9166382e+03
   2.9179949e+03
   2.9198311e+03
   2.9201368e+03
   2.9250463e+03
   2.9260350e+03
   2.9261836e+03
   2.9288133e+03
   2.9317187e+03
   2.9320844e+03
   2.9332696e+03
   2.9333927e+03
   2.9338768e+03
   2.9348897e+03
   2.9371605e+03
   2.9374131e+03
   2.9411833e+03
   2.9415327e+03
   2.9420735e+03
   2.9423094e+03
   2.9429530e+03
   2.9440102e+03
   2.9472816e+03
   2.9494439e+03
   2.9502118e+03
   2.9503942e+03
   2.9515750e+03
   2.9516068e+03
   2.9524307e+03
   2.9528990e+03
   2.9531841e+03
   2.9533856e+03
   2.9556539e+03
   2.9559890e+03
   2.9573813e+03
   2.9611083e+03
   2.9628072e+03
   2.9680756e+03
   2.9682713e+03
   2.9690309e+03
   2.9692287e+03
   2.9707353e+03
   2.9721377e+03
   2.9723349e+03
   2.9725233e+03
   2.9728900e+03
   2.9827313e+03
   2.9858422e+03
   2.9870814e+03
   2.9878223e+03
   2.9889079e+03
   2.9892213e+03
   2.9896309e+03
   2.9899993e+03
   2.9910229e+03
   2.9917619e+03
   2.9922376e+03
   2.9926074e+03
   2.9933440e+03
   2.9940709e+03
   2.9944898e+03
   2.9949929e+03
   2.9952005e+03
   2.9966865e+03
   2.9967409e+03
   2.9970561e+03
   2.9994752e+03
   3.0006053e+03
   3.0013717e+03
   3.0025362e+03
   3.0030664e+03
   3.0037941e+03
   3.0049653e+03
   3.0052087e+03
   3.0062872e+03
   3.0102648e+03
   3.0109632e+03
   3.0126562e+03
   3.0132277e+03
   3.0160676e+03
   3.0162862e+03
   3.0172989e+03
   3.0185594e+03
   3.0190622e+03
   3.0231921e+03
   3.0239193e+03
   3.0259324e+03
   3.0274553e+03
   3.0297933e+03
   3.0302486e+03
   3.0321219e+03
   3.0335201e+03
   3.0336405e+03
   3.0344404e+03
   3.0352109e+03
   3.0356110e+03
   3.0361138e+03
   3.0366285e+03
   3.0367162e+03
   3.0383942e+03
   3.0389918e+03
   3.0393114e+03
   3.0405980e+03
   3.0409323e+03
   3.0437424e+03
   3.0472495e+03
   3.0579322e+03
   3.0588319e+03
   3.0594751e+03
   3.0598270e+03
   3.0606684e+03
   3.0608171e+03
   3.0632949e+03
   3.0635262e+03
   3.0657113e+03
   3.0711971e+03
   3.0726040e+03
   3.0729228e+03
   3.0739281e+03
   3.0739793e+03
   3.0739970e+03
   3.0741516e+03
   3.0780395e+03
   3.0784403e+03
   3.0785449e+03
   3.0798589e+03
   3.0799285e+03
   3.0812520e+03
   3.0818302e+03
   3.0833658e+03
   3.0833684e+03
   3.0849070e+03
   3.0861132e+03
   3.0869507e+03
   3.0871717e+03
   3.0898353e+03
   3.0909803e+03
   3.0934617e+03
   3.0941912e+03
   3.0952426e+03
   3.0957629e+03
   3.0960925e+03
   3.0963293e+03
   3.0965371e+03
   3.0968560e+03
   3.0974485e+03
   3.0976440e+03
   3.0984700e+03
   3.1009812e+03
   3.1057772e+03
   3.1063765e+03
   3.1069575e+03
   3.1072534e+03
   3.1078684e+03
   3.1086366e+03
   3.1090680e+03
   3.1134373e+03
   3.1135572e+03
   3.1137429e+03
   3.1140860e+03
   3.1141391e+03
   3.1148234e+03
   3.1152053e+03
   3.1164892e+03
   3.1167847e+03
   3.1168200e+03
   3.1178067e+03
   3.1216638e+03
   3.1227932e+03
   3.1274036e+03
   3.1281645e+03
   3.1295486e+03
   3.1306109e+03
   3.1310505e+03
   3.1331395e+03
   3.1336097e+03
   3.1361133e+03
   3.1363956e+03
   3.1381328e+03
   3.1407468e+03
   3.1443752e+03
   3.1446399e+03
   3.1447901e+03
   3.1449700e+03
   3.1467452e+03
   3.1493239e+03
   3.1506103e+03
   3.1514982e+03
   3.1521751e+03
   3.1550534e+03
   3.1563404e+03
   3.1569313e+03
   3.1570252e+03
   3.1590006e+03
   3.1596293e+03
   3.1607776e+03
   3.1613469e+03
   3.1628191e+03
   3.1635417e+03
   3.1648578e+03
   3.1651674e+03
   3.1670579e+03
   3.1729608e+03
   3.1735831e+03
   3.1779891e+03
   3.1786298e+03
   3.1790076e+03
   3.1812371e+03
   3.1828628e+03
   3.1833705e+03
   3.1833732e+03
   3.1872150e+03
   3.1878009e+03
   3.1880244e+03
   3.1898425e+03
   3.1912151e+03
   3.1917463e+03
   3.1944892e+03
   3.1951822e+03
   3.1952277e+03
   3.1971038e+03
   3.1977515e+03
   3.1996577e+03
   3.1999856e+03
   3.2007215e+03
   3.2022206e+03
   3.2027568e+03
   3.2030197e+03
   3.2045918e+03
   3.2070694e+03
   3.2071562e+03
   3.2075414e+03
   3.2093269e+03
   3.2103491e+03
   3.2104966e+03
   3.2130514e+03
   3.2157998e+03
   3.2210835e+03
   3.2212115e+03
   3.2214211e+03
   3.2223830e+03
   3.2225521e+03
   3.2232097e+03
   3.2252089e+03
   3.2265685e+03
   3.2268758e+03
   3.2291019e+03
   3.2297614e+03
   3.2302358e+03
   3.2316526e+03
   3.2330366e+03
   3.2341513e+03
   3.2350018e+03
   3.2350047e+03
   3.2352915e+03
   3.2353916e+03
   3.2360904e+03
   3.2372997e+03
   3.2383216e+03
   3.2383550e+03
   3.2383641e+03
   3.2384401e+03
   3.2390031e+03
   3.2393902e+03
   3.2395568e+03
   3.2417780e+03
   3.2443166e+03
   3.2455771e+03
   3.2465898e+03
   3.2469848e+03
   3.2477842e+03
   3.2485881e+03
   3.2495525e+03
   3.2496779e+03
   3.2519197e+03
   3.2529822e+03
   3.2531659e+03
   3.2537395e+03
   3.2540665e+03
   3.2575932e+03
   3.2576757e+03
   3.2588589e+03
   3.2589226e+03
   3.2591019e+03
   3.2593539e+03
   3.2601038e+03
   3.2617195e+03
   3.2652967e+03
   3.2665550e+03
   3.2669834e+03
   3.2672062e+03
   3.2673573e+03
   3.2704509e+03
   3.2715844e+03
   3.2731401e+03
   3.2737092e+03
   3.2754940e+03
   3.2770907e+03
   3.2784645e+03
   3.2789997e+03
   3.2805199e+03
   3.2833843e+03
   3.2865163e+03
   3.2866644e+03
   3.2882963e+03
   3.2888680e+03
   3.2891254e+03
   3.2904728e+03
   3.2905228e+03
   3.2918327e+03
   3.2929552e+03
   3.2935371e+03
   3.2955172e+03
   3.2960642e+03
   3.3002746e+03
   3.3005944e+03
   3.3007004e+03
   3.3015208e+03
   3.3021750e+03
   3.3024850e+03
   3.3042461e+03
   3.3043993e+03
   3.3052465e+03
   3.3060207e+03
   3.3064468e+03
   3.3074905e+03
   3.3075927e+03
   3.3089656e+03
   3.3099202e+03
   3.3103244e+03
   3.3145536e+03
   3.3163140e+03
   3.3167492e+03
   3.3172174e+03
   3.3193507e+03
   3.3195030e+03
   3.3203277e+03
   3.3205760e+03
   3.3220970e+03
   3.3228500e+03
   3.3235826e+03
   3.3294293e+03
   3.3298049e+03
   3.3302767e+03
   3.3306322e+03
   3.3324973e+03
   3.3328443e+03
   3.3340144e+03
   3.3372128e+03
   3.3394403e+03
   3.3403185e+03
   3.3404369e+03
   3.3428790e+03
   3.3430121e+03
   3.3433917e+03
   3.3438331e+03
   3.3440638e+03
   3.3454690e+03
   3.3457159e+03
   3.3472502e+03
   3.3478625e+03
   3.3496480e+03
   3.3497874e+03
   3.3543244e+03
   3.3545697e+03
   3.3551937e+03
   3.3559454e+03
   3.3559666e+03
   3.3565257e+03
   3.3570640e+03
   3.3585022e+03
   3.3600883e+03
   3.3606640e+03
   3.3632383e+03
   3.3634363e+03
   3.3637577e+03
   3.3638844e+03
   3.3644812e+03
   3.3657557e+03
   3.3664716e+03
   3.3673589e+03
   3.3679687e+03
   3.3694686e+03
   3.3717387e+03
   3.3721206e+03
   3.3730022e+03
   3.3731804e+03
   3.3733107e+03
   3.3739334e+03
   3.3748314e+03
   3.3755370e+03
   3.3776308e+03
   3.3779945e+03
   3.3784499e+03
   3.3784853e+03
   3.3820738e+03
   3.3825380e+03
   3.3828654e+03
   3.3836596e+03
   3.3856752e+03
   3.3862047e+03
   3.3869102e+03
   3.3882321e+03
   3.3899043e+03
   3.3901328e+03
   3.3907059e+03
   3.3919248e+03
   3.3940234e+03
   3.3978844e+03
   3.3985099e+03
   3.3986472e+03
   3.3988821e+03
   3.3994983e+03
   3.4015741e+03
   3.4049590e+03
   3.4064446e+03
   3.4066625e+03
   3.4068001e+03
   3.4081705e+03
   3.4089201e+03
   3.4101744e+03
   3.4103601e+03
   3.4107247e+03
   3.4119339e+03
   3.4120192e+03
   3.4125243e+03
   3.4163341e+03
   3.4174258e+03
   3.4179136e+03
   3.4198013e+03
   3.4201413e+03
   3.4201793e+03
   3.4205918e+03
   3.4210174e+03
   3.4214807e+03
   3.4246164e+03
   3.4255979e+03
   3.4283342e+03
   3.4293103e+03
   3.4297008e+03
   3.4298868e+03
   3.4314290e+03
   3.4325821e+03
   3.4336382e+03
   3.4386206e+03
   3.4389799e+03
   3.4390324e+03
   3.4410174e+03
   3.4422155e+03
   3.4437012e+03
   3.4437471e+03
   3.4438167e+03
   3.4445136e+03
   3.4480106e+03
   3.4504561e+03
   3.4512526e+03
   3.4517393e+03
   3.4536532e+03
   3.4540864e+03
   3.4557362e+03
   3.4570010e+03
   3.4612126e+03
   3.4631509e+03
   3.4641946e+03
   3.4644885e+03
   3.4672036e+03
   3.4679879e+03
   3.4693616e+03
   3.4718708e+03
   3.4728523e+03
   3.4745347e+03
   3.4753553e+03
   3.4754272e+03
   3.4758147e+03
   3.4777247e+03
   3.4806783e+03
   3.4810947e+03
   3.4813435e+03
   3.4825664e+03
   3.4826240e+03
   3.4845124e+03
   3.4862594e+03
   3.4877732e+03
   3.4879802e+03
   3.4906949e+03
   3.4918487e+03
   3.4927529e+03
   3.4935063e+03
   3.4936635e+03
   3.4979333e+03
   3.4988564e+03
   3.5006480e+03
   3.5008910e+03
   3.5012472e+03
   3.5014218e+03
   3.5032736e+03
   3.5034805e+03
   3.5048088e+03
   3.5064518e+03
   3.5071781e+03
   3.5074588e+03
   3.5084673e+03
   3.5091896e+03
   3.5093159e+03
   3.5119787e+03
   3.5149629e+03
   3.5189745e+03
   3.5190681e+03
   3.5201750e+03
   3.5204741e+03
   3.5221395e+03
   3.5233521e+03
   3.5233652e+03
   3.5238869e+03
   3.5247649e+03
   3.5254741e+03
   3.5273684e+03
   3.5281810e+03
   3.5282776e+03
   3.5304120e+03
   3.5318864e+03
   3.5342956e+03
   3.5389857e+03
   3.5396550e+03
   3.5429491e+03
   3.5445003e+03
   3.5445390e+03
   3.5455798e+03
   3.5463383e+03
   3.5467695e+03
   3.5470133e+03
   3.5500774e+03
