   2.9952650e+01
   2.9959550e+01
   2.9975350e+01
   3.0095500e+01
   3.0209300e+01
   3.0245300e+01
   3.0280925e+01
   3.0317925e+01
   3.0323875e+01
   3.0329425e+01
   3.0334625e+01
   3.2006625e+01
   3.2300425e+01
   3.2317450e+01
   3.2948800e+01
   3.2963725e+01
   3.2976950e+01
   3.2986250e+01
   3.3003525e+01
   3.3008225e+01
   3.3018050e+01
   3.3021775e+01
   3.3026100e+01
   3.3029225e+01
   3.3034200e+01
   3.3039975e+01
   3.3044400e+01
   3.3048600e+01
   3.3059600e+01
   3.3065375e+01
   3.3071475e+01
   3.3080900e+01
   3.3115700e+01
   3.3129425e+01
   3.3134075e+01
   3.3141600e+01
   3.3147600e+01
   3.3156050e+01
   3.3163850e+01
   3.3170850e+01
   3.3185400e+01
   3.3243850e+01
   3.3248950e+01
   3.3255950e+01
   3.3261875e+01
   3.3268900e+01
   3.3277925e+01
   3.3283350e+01
   3.3290925e+01
   3.4202800e+01
   3.4248275e+01
   3.4872775e+01
   3.5067425e+01
   3.5098175e+01
   3.5115350e+01
   3.5127775e+01
   3.5251525e+01
   3.5261650e+01
   3.5274200e+01
   3.6213400e+01
   3.6258850e+01
   3.6405250e+01
   3.6416325e+01
   3.6569925e+01
   3.6599350e+01
   3.6604600e+01
   3.6623050e+01
   3.6635975e+01
   3.6641050e+01
   3.6648150e+01
   3.6652325e+01
   3.6655400e+01
   3.6661525e+01
   3.6702475e+01
   3.6715150e+01
   3.6727950e+01
   3.6741625e+01
   3.6800625e+01
   5.8125600e+01
   6.6418075e+01
   6.6427125e+01
   6.7477025e+01
   7.6147775e+01
   7.6157900e+01
   7.6763875e+01
   7.6768800e+01
   7.6775275e+01
   7.6785075e+01
   7.7267275e+01
   7.7400450e+01
   7.7755350e+01
   7.7767000e+01
   7.7879450e+01
   7.7892200e+01
   7.7910800e+01
   7.8014250e+01
   7.8150250e+01
   7.8199475e+01
   7.8219250e+01
   7.8230850e+01
   7.8244350e+01
   7.8262850e+01
   7.8353850e+01
   7.8451800e+01
   7.8468550e+01
   7.8480425e+01
   7.8487250e+01
   7.8492900e+01
   7.8804100e+01
   7.8925625e+01
   7.8956950e+01
   7.9080950e+01
   8.0354425e+01
   8.1172550e+01
   8.1272200e+01
   8.1530075e+01
   8.1999575e+01
   8.2413550e+01
   8.2420025e+01
   8.2429525e+01
   8.2433600e+01
   8.2436950e+01
   8.2446875e+01
   8.2929400e+01
   8.2939700e+01
   8.2947925e+01
   8.2954450e+01
   8.3246175e+01
   9.0612700e+01
   9.0620175e+01
   9.0628875e+01
   9.2060375e+01
   9.2072500e+01
   9.2077800e+01
   9.8363050e+01
   1.0901987e+02
   1.0951863e+02
   1.0960832e+02
   1.0962150e+02
   1.0973137e+02
   1.0973760e+02
   1.0975423e+02
   1.0981342e+02
   1.0982892e+02
   1.0985080e+02
   1.0993788e+02
   1.0997773e+02
   1.0998793e+02
   1.1308145e+02
   1.1308935e+02
   1.2415927e+02
   1.2953592e+02
   1.2981135e+02
   1.2992702e+02
   1.2995385e+02
   1.3004595e+02
   1.3019448e+02
   1.3021595e+02
   1.3112887e+02
   1.3117953e+02
   1.3118970e+02
   1.3208430e+02
   1.3469758e+02
   1.3473805e+02
   1.3475515e+02
   1.3476263e+02
   1.3476720e+02
   1.3477697e+02
   1.3478512e+02
   1.3478893e+02
   1.3479245e+02
   1.3479570e+02
   1.3506010e+02
   1.3507542e+02
   1.3511198e+02
   1.3521207e+02
   1.3523680e+02
   1.3524207e+02
   1.3524662e+02
   1.3525215e+02
   1.3526032e+02
   1.3526530e+02
   1.3527062e+02
   1.3527415e+02
   1.3528230e+02
   1.3541532e+02
   1.3544045e+02
   1.3550137e+02
   1.3566577e+02
   1.3568342e+02
   1.3574392e+02
   1.3575560e+02
   1.3652290e+02
   1.3655045e+02
   1.3659082e+02
   1.3660270e+02
   1.3662560e+02
   1.3663580e+02
   1.3665158e+02
   1.3665842e+02
   1.3666342e+02
   1.3666915e+02
   1.3667320e+02
   1.3667718e+02
   1.3668075e+02
   1.3680055e+02
   1.3743357e+02
   1.3744717e+02
   1.4949582e+02
   1.5356055e+02
   1.5356412e+02
   1.5357002e+02
   1.5486630e+02
   1.5497418e+02
   1.5506047e+02
   1.5506815e+02
   1.5507640e+02
   1.5508308e+02
   1.5516888e+02
   1.5519078e+02
   1.5520163e+02
   1.5520728e+02
   1.5529060e+02
   1.5529895e+02
   1.5530630e+02
   1.5532763e+02
   1.5537308e+02
   1.5538198e+02
   1.5539495e+02
   1.5541512e+02
   1.5543205e+02
   1.5551208e+02
   1.5566813e+02
   1.5576150e+02
   1.5580183e+02
   1.5581805e+02
   1.5592575e+02
   1.5597900e+02
   1.5600150e+02
   1.5601108e+02
   1.5614278e+02
   1.5615455e+02
   1.5626558e+02
   1.5627457e+02
   1.5785663e+02
   1.5786050e+02
   1.5786458e+02
   1.5787033e+02
   1.5787535e+02
   1.6397747e+02
   1.6504313e+02
   1.8897203e+02
   1.8904570e+02
   1.8905670e+02
   1.8920215e+02
   1.8933097e+02
   1.8956410e+02
   1.8957182e+02
   1.8965810e+02
   1.8967335e+02
   1.8971637e+02
   1.8972197e+02
   1.8977298e+02
   1.8977925e+02
   1.8984575e+02
   1.8985372e+02
   1.8985888e+02
   1.8986915e+02
   1.8987357e+02
   1.8990135e+02
   1.8996062e+02
   1.8997692e+02
   1.9200395e+02
   1.9200985e+02
   1.9236167e+02
   1.9237015e+02
   1.9386853e+02
   1.9401163e+02
   1.9439187e+02
   1.9440985e+02
   1.9441700e+02
   1.9469567e+02
   2.0041680e+02
   2.1104360e+02
   2.1113865e+02
   2.1117990e+02
   2.1123538e+02
   2.1124360e+02
   2.1125027e+02
   2.1135220e+02
   2.1137973e+02
   2.1419358e+02
   2.1587430e+02
   2.1620097e+02
   2.1622117e+02
   2.1677640e+02
   2.2259402e+02
   2.2284502e+02
   2.2318055e+02
   2.2368165e+02
   2.2369660e+02
   2.2370308e+02
   2.2371218e+02
   2.2382888e+02
   2.2393495e+02
   2.2394887e+02
   2.2396490e+02
   2.2405222e+02
   2.2407817e+02
   2.2409998e+02
   2.2410593e+02
   2.2411060e+02
   2.2418475e+02
   2.2427325e+02
   2.2435038e+02
   2.2435837e+02
   2.2443925e+02
   2.2448340e+02
   2.2450707e+02
   2.2452208e+02
   2.2460532e+02
   2.2462332e+02
   2.2465017e+02
   2.2473020e+02
   2.2480312e+02
   2.2480970e+02
   2.2481762e+02
   2.2482745e+02
   2.2486915e+02
   2.3314658e+02
   2.4369895e+02
   2.4381258e+02
   2.4382372e+02
   2.4393658e+02
   2.4394858e+02
   2.4405550e+02
   2.4406425e+02
   2.4407330e+02
   2.4408630e+02
   2.4415252e+02
   2.4416407e+02
   2.4417385e+02
   2.4418085e+02
   2.4419360e+02
   2.4423600e+02
   2.4427232e+02
   2.4433798e+02
   2.4434187e+02
   2.4436910e+02
   2.4448880e+02
   2.4462360e+02
   2.5043007e+02
   2.5044682e+02
   2.5248505e+02
   2.6203780e+02
   2.6237675e+02
   2.6260287e+02
   2.6269552e+02
   2.6270542e+02
   2.6279070e+02
   2.6280550e+02
   2.6282805e+02
   2.6289260e+02
   2.6289880e+02
   2.6291405e+02
   2.6296360e+02
   2.6297213e+02
   2.6298107e+02
   2.6300367e+02
   2.6309132e+02
   2.7144297e+02
   2.7145673e+02
   2.7397405e+02
   2.8010550e+02
   2.8033297e+02
   2.8040557e+02
   2.8041475e+02
   2.8041983e+02
   2.8042825e+02
   2.8043600e+02
   2.8044070e+02
   2.8044385e+02
   2.8044702e+02
   2.8045040e+02
   2.8045380e+02
   2.8051792e+02
   2.8052755e+02
   2.8054090e+02
   2.8065582e+02
   2.9339682e+02
   2.9429450e+02
   2.9525628e+02
   2.9589932e+02
   2.9624478e+02
   2.9647593e+02
   2.9657340e+02
   2.9660832e+02
   2.9661450e+02
   2.9685285e+02
   2.9685990e+02
   2.9687527e+02
   2.9695272e+02
   2.9696510e+02
   2.9706995e+02
   2.9708650e+02
   2.9710897e+02
   2.9713390e+02
   2.9714850e+02
   2.9732170e+02
   2.9732800e+02
   2.9733690e+02
   2.9734855e+02
   2.9736710e+02
   2.9738920e+02
   2.9741860e+02
   2.9751130e+02
   2.9752135e+02
   2.9753015e+02
   2.9754692e+02
   2.9759915e+02
   2.9760945e+02
   2.9761760e+02
   2.9764580e+02
   2.9765550e+02
   2.9776215e+02
   3.1481977e+02
   3.1483320e+02
   3.1493703e+02
   3.1496287e+02
   3.1504877e+02
   3.1505453e+02
   3.1506268e+02
   3.1506800e+02
   3.1514348e+02
   3.1515975e+02
   3.1517075e+02
   3.1525892e+02
   3.1527835e+02
   3.1536485e+02
   3.1566165e+02
   3.1577758e+02
   3.1581862e+02
   3.1640545e+02
   3.1945527e+02
   3.1956327e+02
   3.3664675e+02
   3.3674043e+02
   3.3675757e+02
   3.3686748e+02
   3.3687838e+02
   3.3697200e+02
   3.3698703e+02
   3.3708378e+02
   3.3709512e+02
   3.3710215e+02
   3.3710815e+02
   3.3717453e+02
   3.3718273e+02
   3.3719075e+02
   3.3719675e+02
   3.3720098e+02
   3.3720530e+02
   3.3721070e+02
   3.3727545e+02
   3.3727990e+02
   3.3728397e+02
   3.3728910e+02
   3.3729310e+02
   3.3729935e+02
   3.3730390e+02
   3.3731173e+02
   3.3732398e+02
   3.3733090e+02
   3.3734118e+02
   3.3740267e+02
   3.3740942e+02
   3.3742197e+02
   3.3920560e+02
   3.5775023e+02
   3.5775890e+02
   3.5796582e+02
   3.5797332e+02
   3.5797958e+02
   3.5799150e+02
   3.5801943e+02
   3.5802722e+02
   3.5803067e+02
   3.5803472e+02
   3.5803855e+02
   3.5804158e+02
   3.5804593e+02
   3.5805403e+02
   3.5805748e+02
   3.5806585e+02
   3.5807013e+02
   3.5807620e+02
   3.5808580e+02
   3.5809017e+02
   3.5810700e+02
   3.5819530e+02
   3.5820637e+02
   3.5821060e+02
   3.5821458e+02
   3.5822008e+02
   3.5823295e+02
   3.5823825e+02
   3.5831105e+02
   3.5833310e+02
   3.5833760e+02
   3.5845235e+02
   3.5845907e+02
   3.7197740e+02
   3.7199495e+02
   3.7200813e+02
   3.7201800e+02
   3.7202210e+02
   3.7202898e+02
   3.7203647e+02
   3.7204105e+02
   3.7205155e+02
   3.7254685e+02
   3.7332155e+02
   3.7332695e+02
   3.7377730e+02
   3.7427803e+02
   3.7457232e+02
   3.7470918e+02
   3.7483612e+02
   3.7488835e+02
   3.7494218e+02
   3.7494752e+02
   3.7497645e+02
   3.7500072e+02
   3.7506975e+02
   3.7507698e+02
   3.7518597e+02
   3.9669873e+02
   3.9692015e+02
   3.9705240e+02
   3.9720040e+02
   3.9730330e+02
   3.9731305e+02
   3.9732670e+02
   3.9735098e+02
   3.9741505e+02
   3.9742347e+02
   3.9743045e+02
   3.9743752e+02
   3.9755325e+02
   3.9761203e+02
   3.9762493e+02
   3.9764240e+02
   3.9765920e+02
   3.9766438e+02
   3.9768363e+02
   3.9773363e+02
   3.9776157e+02
   3.9780228e+02
   3.9818282e+02
   4.1075310e+02
   4.1076115e+02
   4.2217717e+02
   4.2219260e+02
   4.2228770e+02
   4.2229512e+02
   4.2252960e+02
   4.2275392e+02
   4.2275963e+02
   4.2285490e+02
   4.2287268e+02
   4.2287955e+02
   4.2295067e+02
   4.2297075e+02
   4.2297720e+02
   4.2298640e+02
   4.2306092e+02
   4.2307905e+02
   4.2308885e+02
   4.2309665e+02
   4.2310155e+02
   4.2311467e+02
   4.2315560e+02
   4.2316530e+02
   4.2317122e+02
   4.2319460e+02
   4.2320227e+02
   4.2321997e+02
   4.2329825e+02
   4.2331802e+02
   4.2333695e+02
   4.2335930e+02
   4.3009325e+02
   4.3009737e+02
   4.3010180e+02
   4.3010605e+02
   4.3011728e+02
   4.3888108e+02
   4.3888698e+02
   4.3899740e+02
   4.3900430e+02
   4.3912297e+02
   4.3913007e+02
   4.3913465e+02
   4.3918910e+02
   4.3919633e+02
   4.3920365e+02
   4.3923122e+02
   4.3923728e+02
   4.3924928e+02
   4.3926328e+02
   4.3927090e+02
   4.3935838e+02
   4.3937748e+02
   4.3938270e+02
   4.3939075e+02
   4.3939797e+02
   4.3948900e+02
   4.3951018e+02
   4.3952175e+02
   4.3952792e+02
   4.3953713e+02
   4.3954810e+02
   4.3961260e+02
   4.3961950e+02
   4.3962608e+02
   4.3964105e+02
   4.3965355e+02
   4.3973942e+02
   4.3975220e+02
   4.3975895e+02
   4.3985037e+02
   4.3987840e+02
   4.3998068e+02
   4.4365850e+02
   4.4375265e+02
   4.5114335e+02
   4.5115560e+02
   4.5116147e+02
   4.5116720e+02
   4.5118200e+02
   4.5361957e+02
   4.5362622e+02
   4.5385370e+02
   4.5397405e+02
   4.5429678e+02
   4.7883727e+02
   4.7884910e+02
   4.7895040e+02
   4.7895702e+02
   4.7897028e+02
   4.7907590e+02
   4.7908395e+02
   4.7908893e+02
   4.7919178e+02
   4.7919655e+02
   4.7920240e+02
   4.7921092e+02
   4.7928325e+02
   4.7930822e+02
   4.7931653e+02
   4.7932810e+02
   4.7940030e+02
   4.7940753e+02
   4.7941282e+02
   4.7942957e+02
   4.7945513e+02
   4.7950530e+02
   4.7950880e+02
   4.7951308e+02
   4.7951935e+02
   4.7952537e+02
   4.7952988e+02
   4.7954073e+02
   4.7954458e+02
   4.7955470e+02
   4.7961695e+02
   4.7965425e+02
   4.7975150e+02
   4.7979180e+02
   4.7980425e+02
   4.7993032e+02
   5.1157190e+02
   5.1181765e+02
   5.1216287e+02
   5.1238575e+02
   5.1239280e+02
   5.1239702e+02
   5.1240485e+02
   5.1247282e+02
   5.1249087e+02
   5.1250333e+02
   5.1250830e+02
   5.1251567e+02
   5.1252067e+02
   5.1257665e+02
   5.1258698e+02
   5.1260615e+02
   5.1261793e+02
   5.1262698e+02
   5.1263500e+02
   5.1264072e+02
   5.1270602e+02
   5.1271737e+02
   5.1272213e+02
   5.1273400e+02
   5.1279340e+02
   5.1280223e+02
   5.1281215e+02
   5.1281895e+02
   5.1291048e+02
   5.1294452e+02
   5.2155228e+02
   5.2156263e+02
   5.2156780e+02
   5.2157320e+02
   5.2157780e+02
   5.2158525e+02
   5.2902625e+02
   5.2903583e+02
   5.2911537e+02
   5.2912913e+02
   5.2913700e+02
   5.2914435e+02
   5.2915027e+02
   5.2920763e+02
   5.2921372e+02
   5.2922282e+02
   5.2923645e+02
   5.2924857e+02
   5.2925747e+02
   5.2929233e+02
   5.2933568e+02
   5.2934272e+02
   5.2935190e+02
   5.2935648e+02
   5.2936388e+02
   5.2941313e+02
   5.2942188e+02
   5.2943242e+02
   5.2944710e+02
   5.2945375e+02
   5.2954790e+02
   5.2955548e+02
   5.2965360e+02
   5.3154713e+02
   5.3517925e+02
   5.3885762e+02
   5.4086875e+02
   5.4306903e+02
   5.4361968e+02
   5.4372952e+02
   5.4419578e+02
   5.4420642e+02
   5.4425690e+02
   5.5714233e+02
   5.6449283e+02
   5.6449780e+02
   5.6471743e+02
   5.6472573e+02
   5.6483438e+02
   5.6484052e+02
   5.6484705e+02
   5.6486028e+02
   5.6494480e+02
   5.6496160e+02
   5.6497073e+02
   5.6504377e+02
   5.6505125e+02
   5.6505925e+02
   5.6506360e+02
   5.6507412e+02
   5.6511312e+02
   5.6512855e+02
   5.6513905e+02
   5.6514740e+02
   5.6516505e+02
   5.6517400e+02
   5.6525432e+02
   5.6526635e+02
   5.6527330e+02
   5.6529728e+02
   5.8570092e+02
   5.8607767e+02
   5.8618930e+02
   5.8619898e+02
   5.8640458e+02
   5.8641440e+02
   5.8642165e+02
   5.8651085e+02
   5.8661495e+02
   5.8662495e+02
   5.8664400e+02
   5.8672473e+02
   5.8673340e+02
   5.8673933e+02
   5.8674598e+02
   5.8675198e+02
   5.8681343e+02
   5.8682655e+02
   5.8684177e+02
   5.8684883e+02
   5.8686015e+02
   5.8692382e+02
   5.8692908e+02
   5.8694943e+02
   5.8695790e+02
   5.8701910e+02
   5.8702882e+02
   5.8703900e+02
   5.8704548e+02
   6.0902435e+02
   6.0902868e+02
   6.0903935e+02
   6.0923800e+02
   6.0924593e+02
   6.0925055e+02
   6.0925605e+02
   6.0927285e+02
   6.0931050e+02
   6.0933028e+02
   6.0934285e+02
   6.0935307e+02
   6.0936002e+02
   6.0937127e+02
   6.0941590e+02
   6.0946507e+02
   6.0947445e+02
   6.0947980e+02
   6.0948545e+02
   6.0956348e+02
   6.0957800e+02
   6.0959955e+02
   6.0961200e+02
   6.0962395e+02
   6.0964005e+02
   6.0965020e+02
   6.0967943e+02
   6.0968960e+02
   6.0970390e+02
   6.0976823e+02
   6.0978085e+02
   6.0978877e+02
   6.0979778e+02
   6.0987930e+02
   6.0989543e+02
   6.0991207e+02
   6.0992573e+02
   6.1000068e+02
   6.1009907e+02
   6.1647350e+02
   6.1671838e+02
   6.2076003e+02
   6.2076882e+02
   6.2077490e+02
   6.2077865e+02
   6.2079273e+02
   6.2080263e+02
   6.2315072e+02
   6.2357410e+02
   6.2405097e+02
   6.2421748e+02
   6.2430808e+02
   6.2434153e+02
   6.2436335e+02
   6.2440240e+02
   6.2459690e+02
   6.3435497e+02
   6.3795443e+02
   6.3819213e+02
   6.3828283e+02
   6.3829050e+02
   6.3829820e+02
   6.3830225e+02
   6.3837648e+02
   6.3839408e+02
   6.3840675e+02
   6.3848402e+02
   6.3848957e+02
   6.3849770e+02
   6.3850545e+02
   6.3851612e+02
   6.3856673e+02
   6.3858038e+02
   6.3859345e+02
   6.3860090e+02
   6.3860772e+02
   6.3861452e+02
   6.3864195e+02
   6.3867507e+02
   6.3868805e+02
   6.3871005e+02
   6.3872227e+02
   6.3877925e+02
   6.3879977e+02
   6.5343372e+02
   6.6049455e+02
   6.6162558e+02
   6.6185563e+02
   6.6198092e+02
   6.6208760e+02
   6.6209663e+02
   6.6210317e+02
   6.6218602e+02
   6.6220068e+02
   6.6221568e+02
   6.6222785e+02
   6.6223700e+02
   6.6224317e+02
   6.6231343e+02
   6.6232395e+02
   6.6233568e+02
   6.6234812e+02
   6.6240318e+02
   6.6240757e+02
   6.6241773e+02
   6.6242628e+02
   6.6250188e+02
   6.6251553e+02
   6.7132673e+02
   6.8380580e+02
   6.8381045e+02
   6.8381543e+02
   6.8391910e+02
   6.8392977e+02
   6.8396885e+02
   6.8403202e+02
   6.8403775e+02
   6.8405005e+02
   6.8410938e+02
   6.8411482e+02
   6.8412290e+02
   6.8413625e+02
   6.8414160e+02
   6.8414945e+02
   6.8416720e+02
   6.8420530e+02
   6.8421288e+02
   6.8421710e+02
   6.8422217e+02
   6.8423838e+02
   6.8424632e+02
   6.8425793e+02
   6.8426535e+02
   6.8433985e+02
   6.8434660e+02
   6.8437323e+02
   6.8438210e+02
   6.8447465e+02
   6.8448550e+02
   6.9209835e+02
   6.9210885e+02
   6.9211378e+02
   6.9212003e+02
   6.9442610e+02
   6.9865332e+02
   6.9866990e+02
   6.9878427e+02
   6.9889400e+02
   7.0055370e+02
   7.0077405e+02
   7.0078588e+02
   7.0079275e+02
   7.0089207e+02
   7.0108042e+02
   7.0109753e+02
   7.0111155e+02
   7.0112195e+02
   7.0119043e+02
   7.0119475e+02
   7.0119890e+02
   7.0120385e+02
   7.0120810e+02
   7.0121218e+02
   7.0121938e+02
   7.0130678e+02
   7.0131265e+02
   7.1300025e+02
   7.2233105e+02
   7.2282325e+02
   7.2305827e+02
   7.2317530e+02
   7.2318150e+02
   7.2329450e+02
   7.2330472e+02
   7.2331595e+02
   7.2342990e+02
   7.2345538e+02
   7.2352630e+02
   7.2354095e+02
   7.2355640e+02
   7.2357995e+02
   7.2362477e+02
   7.2363522e+02
   7.2364403e+02
   7.2365432e+02
   7.2366175e+02
   7.2366785e+02
   7.2367337e+02
   7.2373513e+02
   7.2374510e+02
   7.2375283e+02
   7.2377932e+02
   7.2379133e+02
   7.2386392e+02
   7.2388530e+02
   7.2416763e+02
   7.2449695e+02
   7.4764172e+02
   7.4778747e+02
   7.4786613e+02
   7.4787400e+02
   7.4788125e+02
   7.4795905e+02
   7.4796478e+02
   7.4797738e+02
   7.4798262e+02
   7.4806737e+02
   7.4807263e+02
   7.4808113e+02
   7.4808597e+02
   7.4818745e+02
   7.4819235e+02
   7.4819997e+02
   7.4824725e+02
   7.4827543e+02
   7.4829040e+02
   7.4829855e+02
   7.4837590e+02
   7.4839275e+02
   7.4840080e+02
   7.6243330e+02
   7.6243975e+02
   7.6244480e+02
   7.6263397e+02
   7.6264572e+02
   7.6265340e+02
   7.6266162e+02
   7.6266725e+02
   7.6268255e+02
   7.6271945e+02
   7.6276270e+02
   7.6276790e+02
   7.6277228e+02
   7.6277913e+02
   7.6283592e+02
   7.6284010e+02
   7.6284430e+02
   7.6285113e+02
   7.6285720e+02
   7.6286120e+02
   7.6286565e+02
   7.6287540e+02
   7.6287985e+02
   7.6295325e+02
   7.6295895e+02
   7.6297047e+02
   7.6298658e+02
   7.6299388e+02
   7.6307118e+02
   7.6308155e+02
   7.6310267e+02
   7.6688942e+02
   7.6853617e+02
   7.7261328e+02
   7.7519280e+02
   7.7520312e+02
   7.8080533e+02
   7.8082260e+02
   7.8083097e+02
   7.8104390e+02
   7.8104958e+02
   7.8116633e+02
   7.8129865e+02
   7.8131585e+02
   7.8141458e+02
   7.8145115e+02
   7.8151238e+02
   7.8152117e+02
   7.8152520e+02
   7.8162855e+02
   7.8163852e+02
   7.8172795e+02
   7.8181727e+02
   7.8184012e+02
   7.8184665e+02
   7.8185425e+02
   7.8189670e+02
   7.8191432e+02
   7.8192188e+02
   7.8199550e+02
   7.8200122e+02
   7.8203612e+02
   7.8205237e+02
   7.8212603e+02
   7.8213480e+02
   7.8214747e+02
   7.8215757e+02
   7.8223208e+02
   7.8223645e+02
   7.8224575e+02
   7.8225537e+02
   7.8226095e+02
   7.8226680e+02
   8.1859082e+02
   8.1871045e+02
   8.1895248e+02
   8.1921475e+02
   8.1922092e+02
   8.1932515e+02
   8.1933645e+02
   8.1934277e+02
   8.1944017e+02
   8.1944570e+02
   8.1954448e+02
   8.1954972e+02
   8.1955932e+02
   8.1956700e+02
   8.1957107e+02
   8.1957620e+02
   8.1962350e+02
   8.1965093e+02
   8.1966138e+02
   8.1967485e+02
   8.1968427e+02
   8.1968988e+02
   8.1973335e+02
   8.1974915e+02
   8.1975707e+02
   8.1977223e+02
   8.1978985e+02
   8.1985195e+02
   8.1985577e+02
   8.1986125e+02
   8.1986725e+02
   8.1987360e+02
   8.1988567e+02
   8.1995767e+02
   8.1996180e+02
   8.1996635e+02
   8.1997118e+02
   8.1997753e+02
   8.1998283e+02
   8.1998937e+02
   8.1999693e+02
   8.2009653e+02
   8.2019052e+02
   8.2020555e+02
   8.2021520e+02
   8.2022208e+02
   8.2033417e+02
   8.2035475e+02
   8.2046327e+02
   8.2047535e+02
   8.2051095e+02
   8.2058332e+02
   8.2059182e+02
   8.2060132e+02
   8.2061828e+02
   8.2064110e+02
   8.2073240e+02
   8.2074248e+02
   8.2075305e+02
   8.2087622e+02
   8.2088480e+02
   8.2111188e+02
   8.2112127e+02
   8.2113945e+02
   8.2117495e+02
   8.2124275e+02
   8.2129630e+02
   8.2130408e+02
   8.2131983e+02
   8.2132520e+02
   8.2133380e+02
   8.2133698e+02
   8.2134155e+02
   8.2134820e+02
   8.2145817e+02
   8.2149005e+02
   8.2161513e+02
   8.2161955e+02
   8.2164328e+02
   8.2173285e+02
   8.2176395e+02
   8.2179710e+02
   8.2181225e+02
   8.2183578e+02
   8.2187215e+02
   8.2188720e+02
   8.2192110e+02
   8.2199738e+02
   8.2201595e+02
   8.2208187e+02
   8.2221690e+02
   8.2224992e+02
   8.2230170e+02
   8.2232358e+02
   8.2233910e+02
   8.2238245e+02
   8.2244398e+02
   8.2264015e+02
   8.2276565e+02
   8.2278065e+02
   8.2279055e+02
   8.2279695e+02
   8.2281570e+02
   8.2283670e+02
   8.2284177e+02
   8.2285738e+02
   8.2287203e+02
   8.2292420e+02
   8.2294237e+02
   8.2295412e+02
   8.2296485e+02
   8.2298220e+02
   8.2302397e+02
   8.2314430e+02
   8.2338172e+02
   8.2340745e+02
   8.2376620e+02
   8.2377590e+02
   8.2389040e+02
   8.2390498e+02
   8.2392910e+02
   8.2404000e+02
   8.2406528e+02
   8.2413913e+02
   8.2414765e+02
   8.2418280e+02
   8.2418867e+02
   8.2419568e+02
   8.2423795e+02
   8.2428420e+02
   8.2434327e+02
   8.2435648e+02
   8.2686865e+02
   8.2690783e+02
   8.2794993e+02
   8.2795850e+02
   8.2796407e+02
   8.2797267e+02
   8.2798193e+02
   8.2856568e+02
   8.2857155e+02
   8.2859175e+02
   8.2910005e+02
   8.4170090e+02
   8.4692295e+02
   8.4693560e+02
   8.4706888e+02
   8.4887265e+02
   8.4887937e+02
   8.4888565e+02
   8.5516895e+02
   8.5517785e+02
   8.5518805e+02
   8.5555543e+02
   8.5565405e+02
   8.5566692e+02
   8.5587717e+02
   8.5588315e+02
   8.5589392e+02
   8.5597807e+02
   8.5598635e+02
   8.5599497e+02
   8.5600260e+02
   8.5600850e+02
   8.5609640e+02
   8.5612080e+02
   8.5613815e+02
   8.5614640e+02
   8.5618777e+02
   8.5621350e+02
   8.5621973e+02
   8.5628810e+02
   8.5629465e+02
   8.5630320e+02
   8.5642417e+02
   8.7351413e+02
   8.7352050e+02
   8.7352517e+02
   8.7353185e+02
   8.7361700e+02
   8.7363328e+02
   8.7364000e+02
   8.7365250e+02
   8.7373610e+02
   8.7374198e+02
   8.7374740e+02
   8.7375455e+02
   8.7385850e+02
   8.7386840e+02
   8.7387935e+02
   8.7388340e+02
   8.7397275e+02
   8.7398600e+02
   8.7399468e+02
   8.7404493e+02
   8.7406758e+02
   8.7407883e+02
   8.7408905e+02
   8.7409720e+02
   8.7410397e+02
   8.7411345e+02
   8.7417355e+02
   8.7418645e+02
   8.7419285e+02
   8.7420992e+02
   8.7429760e+02
   8.7430515e+02
   8.7441802e+02
   8.7443370e+02
   8.9205998e+02
   8.9208690e+02
   8.9210198e+02
   8.9340022e+02
   8.9340847e+02
   8.9341538e+02
   8.9382270e+02
   8.9490662e+02
   8.9491903e+02
   8.9523468e+02
   8.9532407e+02
   8.9543573e+02
   8.9556125e+02
   8.9556763e+02
   8.9558460e+02
   8.9568230e+02
   8.9569210e+02
   8.9580395e+02
   8.9581010e+02
   8.9703557e+02
   8.9705498e+02
   8.9714505e+02
   8.9715498e+02
   8.9716522e+02
   8.9718280e+02
   8.9718875e+02
   8.9720952e+02
   8.9721650e+02
   8.9723672e+02
   8.9731218e+02
   8.9732517e+02
   8.9737383e+02
   8.9738865e+02
   8.9740493e+02
   8.9743230e+02
   8.9749127e+02
   8.9750812e+02
   8.9752370e+02
   8.9753825e+02
   8.9758095e+02
   8.9759855e+02
   8.9760442e+02
   8.9762170e+02
   8.9764695e+02
   8.9769433e+02
   8.9770395e+02
   8.9783623e+02
   8.9793022e+02
   9.1930318e+02
   9.1951532e+02
   9.1952603e+02
   9.1964492e+02
   9.1965432e+02
   9.1966617e+02
   9.1976818e+02
   9.1977465e+02
   9.1978220e+02
   9.1987918e+02
   9.1988627e+02
   9.1989837e+02
   9.1997200e+02
   9.1999198e+02
   9.1999780e+02
   9.2001105e+02
   9.2002015e+02
   9.2007040e+02
   9.2009018e+02
   9.2009893e+02
   9.2011585e+02
   9.2012432e+02
   9.2019255e+02
   9.2019685e+02
   9.2022523e+02
   9.2023835e+02
   9.2031140e+02
   9.2032435e+02
   9.3475937e+02
   9.3476953e+02
   9.5469170e+02
   9.5592280e+02
   9.5593125e+02
   9.5593660e+02
   9.5604915e+02
   9.5606173e+02
   9.5614693e+02
   9.5615665e+02
   9.5617922e+02
   9.5625442e+02
   9.5627280e+02
   9.5629360e+02
   9.5635985e+02
   9.5636798e+02
   9.5637743e+02
   9.5639240e+02
   9.5640392e+02
   9.5645980e+02
   9.5646660e+02
   9.5648023e+02
   9.5648912e+02
   9.5650257e+02
   9.5655202e+02
   9.5655663e+02
   9.5656765e+02
   9.5658205e+02
   9.5670917e+02
   9.6195777e+02
   9.6203318e+02
   9.6205552e+02
   9.6208380e+02
   9.6583370e+02
   9.6583978e+02
   9.6584800e+02
   9.6585248e+02
   9.7740655e+02
   9.7963890e+02
   9.8008068e+02
   9.8008808e+02
   9.8018670e+02
   9.8019412e+02
   9.8029887e+02
   9.8030385e+02
   9.8031152e+02
   9.8031720e+02
   9.8032168e+02
   9.8036740e+02
   9.8039075e+02
   9.8040405e+02
   9.8041048e+02
   9.8041760e+02
   9.8042605e+02
   9.8043940e+02
   9.8047880e+02
   9.8048573e+02
   9.8049495e+02
   9.8050632e+02
   9.8051560e+02
   9.8052117e+02
   9.8053400e+02
   9.8054593e+02
   9.8062252e+02
   9.8063418e+02
   9.8064330e+02
   9.8065863e+02
   9.8067520e+02
   9.8076063e+02
   9.8077215e+02
   9.8078105e+02
   9.8086347e+02
   9.9181327e+02
   9.9181835e+02
   9.9182988e+02
   9.9306218e+02
   9.9308900e+02
   9.9334785e+02
   9.9335322e+02
   9.9336002e+02
   9.9336970e+02
   9.9347783e+02
   9.9361160e+02
   9.9373748e+02
   9.9385645e+02
   9.9386510e+02
   9.9387878e+02
   9.9397645e+02
   9.9398540e+02
   9.9399452e+02
   9.9409190e+02
   9.9419502e+02
   9.9421243e+02
   9.9422610e+02
   9.9425492e+02
   9.9431735e+02
   9.9432535e+02
   9.9441768e+02
   9.9444592e+02
   9.9451747e+02
   1.0024687e+03
   1.0127332e+03
   1.0127474e+03
   1.0159358e+03
   1.0161763e+03
   1.0164067e+03
   1.0164217e+03
   1.0166223e+03
   1.0166334e+03
   1.0166386e+03
   1.0166482e+03
   1.0166576e+03
   1.0167415e+03
   1.0167494e+03
   1.0167553e+03
   1.0168596e+03
   1.0168709e+03
   1.0168824e+03
   1.0168887e+03
   1.0169684e+03
   1.0169786e+03
   1.0169864e+03
   1.0169984e+03
   1.0170094e+03
   1.0170916e+03
   1.0170966e+03
   1.0171757e+03
   1.0171931e+03
   1.0172160e+03
   1.0172892e+03
   1.0172987e+03
   1.0173204e+03
   1.0174263e+03
   1.0266493e+03
   1.0514915e+03
   1.0515023e+03
   1.0515083e+03
   1.0516094e+03
   1.0516170e+03
   1.0516287e+03
   1.0516410e+03
   1.0517181e+03
   1.0517285e+03
   1.0517346e+03
   1.0517408e+03
   1.0518048e+03
   1.0518395e+03
   1.0518646e+03
   1.0518769e+03
   1.0519129e+03
   1.0519189e+03
   1.0519246e+03
   1.0519289e+03
   1.0519334e+03
   1.0519391e+03
   1.0519494e+03
   1.0519557e+03
   1.0519698e+03
   1.0520502e+03
   1.0520542e+03
   1.0520635e+03
   1.0521173e+03
   1.0521251e+03
   1.0526007e+03
   1.0528397e+03
   1.0528615e+03
   1.0581843e+03
   1.0583286e+03
   1.0588662e+03
   1.0589613e+03
   1.0589690e+03
   1.0589797e+03
   1.0589929e+03
   1.0590133e+03
   1.0591175e+03
   1.0591292e+03
   1.0591483e+03
   1.0591622e+03
   1.0592349e+03
   1.0594747e+03
   1.0594941e+03
   1.0597098e+03
   1.0597435e+03
   1.0597612e+03
   1.0598607e+03
   1.0598778e+03
   1.0599660e+03
   1.0599745e+03
   1.0599801e+03
   1.0599972e+03
   1.0600660e+03
   1.0600823e+03
   1.0601807e+03
   1.0601930e+03
   1.0602013e+03
   1.0602178e+03
   1.0602647e+03
   1.0602807e+03
   1.0603227e+03
   1.0603324e+03
   1.0605912e+03
   1.0606188e+03
   1.0616631e+03
   1.0616749e+03
   1.0617656e+03
   1.0617713e+03
   1.0617884e+03
   1.0618165e+03
   1.0619059e+03
   1.0703060e+03
   1.0854816e+03
   1.0856781e+03
   1.0856906e+03
   1.0856984e+03
   1.0857044e+03
   1.0857097e+03
   1.0857260e+03
   1.0857947e+03
   1.0858001e+03
   1.0858078e+03
   1.0858114e+03
   1.0858184e+03
   1.0858803e+03
   1.0858974e+03
   1.0859055e+03
   1.0859115e+03
   1.0859181e+03
   1.0859239e+03
   1.0859979e+03
   1.0860174e+03
   1.0860239e+03
   1.0860317e+03
   1.0860597e+03
   1.0861156e+03
   1.0861224e+03
   1.0861339e+03
   1.0861481e+03
   1.0862427e+03
   1.0923237e+03
   1.0925719e+03
   1.0925878e+03
   1.0925990e+03
   1.0926098e+03
   1.0952705e+03
   1.0952755e+03
   1.0952917e+03
   1.0979116e+03
   1.0981698e+03
   1.0985528e+03
   1.0993273e+03
   1.0993362e+03
   1.0993424e+03
   1.0994514e+03
   1.0995423e+03
   1.0996496e+03
   1.0997082e+03
   1.0997863e+03
   1.0998582e+03
   1.1018703e+03
   1.1019866e+03
   1.1020140e+03
   1.1021208e+03
   1.1022310e+03
   1.1022484e+03
   1.1040702e+03
   1.1048707e+03
   1.1051150e+03
   1.1066581e+03
   1.1066704e+03
   1.1078165e+03
   1.1090451e+03
   1.1090603e+03
   1.1091595e+03
   1.1091686e+03
   1.1091779e+03
   1.1093033e+03
   1.1093132e+03
   1.1093246e+03
   1.1094016e+03
   1.1094199e+03
   1.1094462e+03
   1.1095351e+03
   1.1095558e+03
   1.1095640e+03
   1.1095737e+03
   1.1096583e+03
   1.1098551e+03
   1.1098897e+03
   1.1099041e+03
   1.1099130e+03
   1.1100316e+03
   1.1100466e+03
   1.1100632e+03
   1.1102845e+03
   1.1265986e+03
   1.1273999e+03
   1.1274066e+03
   1.1275004e+03
   1.1275046e+03
   1.1275152e+03
   1.1275202e+03
   1.1276272e+03
   1.1276317e+03
   1.1277141e+03
   1.1277212e+03
   1.1277311e+03
   1.1277375e+03
   1.1277459e+03
   1.1278119e+03
   1.1278166e+03
   1.1278286e+03
   1.1278499e+03
   1.1278563e+03
   1.1278611e+03
   1.1279092e+03
   1.1279335e+03
   1.1279471e+03
   1.1279557e+03
   1.1279662e+03
   1.1280004e+03
   1.1280260e+03
   1.1280432e+03
   1.1280562e+03
   1.1280642e+03
   1.1281336e+03
   1.1281497e+03
   1.1281630e+03
   1.1281743e+03
   1.1282382e+03
   1.1282549e+03
   1.1282618e+03
   1.1551352e+03
   1.1553789e+03
   1.1553901e+03
   1.1553957e+03
   1.1554068e+03
   1.1554843e+03
   1.1554915e+03
   1.1554978e+03
   1.1555049e+03
   1.1555953e+03
   1.1556004e+03
   1.1556079e+03
   1.1557086e+03
   1.1557200e+03
   1.1557293e+03
   1.1557352e+03
   1.1557880e+03
   1.1558095e+03
   1.1558195e+03
   1.1558316e+03
   1.1558406e+03
   1.1559168e+03
   1.1559236e+03
   1.1559366e+03
   1.1560005e+03
   1.1560058e+03
   1.1560188e+03
   1.1560220e+03
   1.1656443e+03
   1.1656542e+03
   1.1656590e+03
   1.1656655e+03
   1.1656815e+03
   1.1656904e+03
   1.1656996e+03
   1.1657197e+03
   1.1736498e+03
   1.1738582e+03
   1.1738644e+03
   1.1738693e+03
   1.1738779e+03
   1.1739565e+03
   1.1739641e+03
   1.1739705e+03
   1.1739875e+03
   1.1739947e+03
   1.1740058e+03
   1.1740737e+03
   1.1740774e+03
   1.1740819e+03
   1.1740918e+03
   1.1741618e+03
   1.1741662e+03
   1.1741735e+03
   1.1741794e+03
   1.1741872e+03
   1.1741938e+03
   1.1741974e+03
   1.1742040e+03
   1.1742604e+03
   1.1742701e+03
   1.1742776e+03
   1.1742897e+03
   1.1743078e+03
   1.1743800e+03
   1.1743967e+03
   1.1793047e+03
   1.1793155e+03
   1.1860717e+03
   1.1860768e+03
   1.1860820e+03
   1.1860907e+03
   1.1860956e+03
   1.1880571e+03
   1.1902268e+03
   1.1902402e+03
   1.1902507e+03
   1.1905054e+03
   1.1909972e+03
   1.1910180e+03
   1.1911394e+03
   1.1913063e+03
   1.1914060e+03
   1.1914135e+03
   1.1915514e+03
   1.1916317e+03
   1.1916528e+03
   1.1917460e+03
   1.1918758e+03
   1.1918814e+03
   1.1919557e+03
   1.1919644e+03
   1.1919714e+03
   1.1919793e+03
   1.1919879e+03
   1.1920716e+03
   1.1920798e+03
   1.1920887e+03
   1.2061321e+03
   1.2061383e+03
   1.2061610e+03
   1.2118989e+03
   1.2127735e+03
   1.2128965e+03
   1.2130165e+03
   1.2131184e+03
   1.2131291e+03
   1.2131342e+03
   1.2131434e+03
   1.2132233e+03
   1.2132343e+03
   1.2132417e+03
   1.2132471e+03
   1.2133033e+03
   1.2133291e+03
   1.2133453e+03
   1.2133547e+03
   1.2133675e+03
   1.2134383e+03
   1.2134509e+03
   1.2134631e+03
   1.2134683e+03
   1.2134733e+03
   1.2134878e+03
   1.2135251e+03
   1.2135344e+03
   1.2135462e+03
   1.2135599e+03
   1.2135694e+03
   1.2135844e+03
   1.2136622e+03
   1.2136886e+03
   1.2137923e+03
   1.2137983e+03
   1.2411885e+03
   1.2413903e+03
   1.2413993e+03
   1.2414063e+03
   1.2414995e+03
   1.2415058e+03
   1.2416118e+03
   1.2416195e+03
   1.2416247e+03
   1.2416345e+03
   1.2416626e+03
   1.2416969e+03
   1.2417022e+03
   1.2417133e+03
   1.2417197e+03
   1.2417282e+03
   1.2417673e+03
   1.2417760e+03
   1.2417899e+03
   1.2418150e+03
   1.2418310e+03
   1.2585349e+03
   1.2585419e+03
   1.2585481e+03
   1.2586499e+03
   1.2587278e+03
   1.2587451e+03
   1.2587496e+03
   1.2587553e+03
   1.2587639e+03
   1.2587731e+03
   1.2587864e+03
   1.2587987e+03
   1.2588110e+03
   1.2588326e+03
   1.2588485e+03
   1.2588568e+03
   1.2588609e+03
   1.2588666e+03
   1.2588826e+03
   1.2589283e+03
   1.2589422e+03
   1.2589466e+03
   1.2589537e+03
   1.2589694e+03
   1.2590518e+03
   1.2590557e+03
   1.2590751e+03
   1.2591625e+03
   1.2591672e+03
   1.2591753e+03
   1.2683321e+03
   1.2683445e+03
   1.2683527e+03
   1.2702966e+03
   1.2703156e+03
   1.2708595e+03
   1.2708664e+03
   1.2716925e+03
   1.2719332e+03
   1.2719447e+03
   1.2720472e+03
   1.2720573e+03
   1.2721821e+03
   1.2721920e+03
   1.2722956e+03
   1.2723082e+03
   1.2723245e+03
   1.2724295e+03
   1.2724358e+03
   1.2725252e+03
   1.2725956e+03
   1.2726072e+03
   1.2726424e+03
   1.2726541e+03
   1.2726978e+03
   1.2727030e+03
   1.2727132e+03
   1.2727365e+03
   1.2929417e+03
   1.2929708e+03
   1.2978837e+03
   1.2979932e+03
   1.2980021e+03
   1.2981003e+03
   1.2981050e+03
   1.2981137e+03
   1.2982238e+03
   1.2982345e+03
   1.2982448e+03
   1.2982509e+03
   1.2983204e+03
   1.2983318e+03
   1.2983398e+03
   1.2983475e+03
   1.2983546e+03
   1.2983607e+03
   1.2984011e+03
   1.2984219e+03
   1.2984401e+03
   1.2984512e+03
   1.2984596e+03
   1.2985394e+03
   1.2985459e+03
   1.2985567e+03
   1.2985859e+03
   1.2986318e+03
   1.2986455e+03
   1.2986586e+03
   1.2990870e+03
   1.3120083e+03
   1.3120377e+03
   1.3120456e+03
   1.3120520e+03
   1.3218483e+03
   1.3229206e+03
   1.3229296e+03
   1.3230167e+03
   1.3230248e+03
   1.3230336e+03
   1.3231213e+03
   1.3231315e+03
   1.3231377e+03
   1.3231854e+03
   1.3231975e+03
   1.3232073e+03
   1.3233009e+03
   1.3233078e+03
   1.3233156e+03
   1.3233246e+03
   1.3233889e+03
   1.3233952e+03
   1.3234213e+03
   1.3440059e+03
   1.3440119e+03
   1.3440186e+03
   1.3440236e+03
   1.3440968e+03
   1.3441082e+03
   1.3441131e+03
   1.3441221e+03
   1.3441263e+03
   1.3441315e+03
   1.3442018e+03
   1.3442104e+03
   1.3442157e+03
   1.3442224e+03
   1.3442291e+03
   1.3442363e+03
   1.3442831e+03
   1.3442919e+03
   1.3442966e+03
   1.3443069e+03
   1.3443163e+03
   1.3443272e+03
   1.3443314e+03
   1.3444131e+03
   1.3444175e+03
   1.3444363e+03
   1.3445158e+03
   1.3445517e+03
   1.3603279e+03
   1.3607984e+03
   1.3608150e+03
   1.3608200e+03
   1.3608256e+03
   1.3608310e+03
   1.3608382e+03
   1.3618108e+03
   1.3618195e+03
   1.3642784e+03
   1.3642903e+03
   1.3642991e+03
   1.3643093e+03
   1.3644124e+03
   1.3644196e+03
   1.3645153e+03
   1.3645220e+03
   1.3645342e+03
   1.3647434e+03
   1.3648123e+03
   1.3648371e+03
   1.3648431e+03
   1.3648554e+03
   1.3649634e+03
   1.3649926e+03
   1.3650687e+03
   1.3650783e+03
   1.3650948e+03
   1.3651375e+03
   1.3651746e+03
   1.3651885e+03
   1.3652051e+03
   1.3652623e+03
   1.3652800e+03
   1.3653742e+03
   1.3653805e+03
   1.3653844e+03
   1.3654045e+03
   1.3654747e+03
   1.3654796e+03
   1.3655046e+03
   1.3860031e+03
   1.3868120e+03
   1.3870246e+03
   1.3870318e+03
   1.3871317e+03
   1.3871508e+03
   1.3872427e+03
   1.3872556e+03
   1.3872714e+03
   1.3873136e+03
   1.3873251e+03
   1.3873313e+03
   1.3873518e+03
   1.3873663e+03
   1.3874166e+03
   1.3874324e+03
   1.3874417e+03
   1.3874499e+03
   1.3874611e+03
   1.3874836e+03
   1.3875231e+03
   1.3875304e+03
   1.3875402e+03
   1.3875445e+03
   1.3875492e+03
   1.3875705e+03
   1.3876786e+03
   1.3882905e+03
   1.3960493e+03
   1.4003000e+03
   1.4003063e+03
   1.4076170e+03
   1.4107636e+03
   1.4107722e+03
   1.4226650e+03
   1.4231022e+03
   1.4231125e+03
   1.4232077e+03
   1.4232181e+03
   1.4233350e+03
   1.4233506e+03
   1.4234037e+03
   1.4234124e+03
   1.4234199e+03
   1.4234325e+03
   1.4234405e+03
   1.4234707e+03
   1.4234952e+03
   1.4235348e+03
   1.4235891e+03
   1.4235993e+03
   1.4236332e+03
   1.4237007e+03
   1.4422915e+03
   1.4425076e+03
   1.4426976e+03
   1.4427055e+03
   1.4427173e+03
   1.4427261e+03
   1.4427445e+03
   1.4428065e+03
   1.4428167e+03
   1.4428204e+03
   1.4428264e+03
   1.4428309e+03
   1.4428381e+03
   1.4428425e+03
   1.4428887e+03
   1.4428970e+03
   1.4429059e+03
   1.4429109e+03
   1.4429220e+03
   1.4429405e+03
   1.4430262e+03
   1.4430405e+03
   1.4431337e+03
   1.4431405e+03
   1.4431552e+03
   1.4432477e+03
   1.4432531e+03
   1.4447815e+03
   1.4485148e+03
   1.4489958e+03
   1.4490095e+03
   1.4490212e+03
   1.4490267e+03
   1.4490359e+03
   1.4490415e+03
   1.4496091e+03
   1.4516396e+03
   1.4518517e+03
   1.4580065e+03
   1.4580123e+03
   1.4580195e+03
   1.4580395e+03
   1.4580474e+03
   1.4580558e+03
   1.4580613e+03
   1.4580723e+03
   1.4606124e+03
   1.4606189e+03
   1.4612125e+03
   1.4613540e+03
   1.4616336e+03
   1.4618833e+03
   1.4621001e+03
   1.4621092e+03
   1.4621319e+03
   1.4623331e+03
   1.4623410e+03
   1.4623475e+03
   1.4623561e+03
   1.4624611e+03
   1.4624653e+03
   1.4624745e+03
   1.4625535e+03
   1.4625716e+03
   1.4625886e+03
   1.4626173e+03
   1.4626337e+03
   1.4626589e+03
   1.4626921e+03
   1.4627578e+03
   1.4627920e+03
   1.4913355e+03
   1.4913474e+03
   1.4913548e+03
   1.4914680e+03
   1.4914744e+03
   1.4914844e+03
   1.4915828e+03
   1.4915910e+03
   1.4916843e+03
   1.4916906e+03
   1.4917065e+03
   1.4917147e+03
   1.4917620e+03
   1.4917723e+03
   1.4917824e+03
   1.4918012e+03
   1.4918101e+03
   1.4918254e+03
   1.4918873e+03
   1.4919177e+03
   1.4919798e+03
   1.4919931e+03
   1.4920018e+03
   1.4920194e+03
   1.4921007e+03
   1.4921141e+03
   1.4921295e+03
   1.4921418e+03
   1.4926952e+03
   1.5078467e+03
   1.5154717e+03
   1.5154805e+03
   1.5155040e+03
   1.5155125e+03
   1.5155182e+03
   1.5381039e+03
   1.5383157e+03
   1.5383201e+03
   1.5384172e+03
   1.5384269e+03
   1.5385209e+03
   1.5385264e+03
   1.5385342e+03
   1.5386148e+03
   1.5386226e+03
   1.5386287e+03
   1.5386361e+03
   1.5386532e+03
   1.5386934e+03
   1.5387084e+03
   1.5387220e+03
   1.5387340e+03
   1.5388235e+03
   1.5388285e+03
   1.5388378e+03
   1.5388920e+03
   1.5389072e+03
   1.5389261e+03
   1.5462004e+03
   1.5464772e+03
   1.5585510e+03
   1.5587769e+03
   1.5588858e+03
   1.5588966e+03
   1.5589007e+03
   1.5589055e+03
   1.5589829e+03
   1.5589962e+03
   1.5590577e+03
   1.5590702e+03
   1.5590793e+03
   1.5590862e+03
   1.5590946e+03
   1.5590986e+03
   1.5591073e+03
   1.5591110e+03
   1.5591599e+03
   1.5591667e+03
   1.5591766e+03
   1.5591852e+03
   1.5591897e+03
   1.5592055e+03
   1.5592813e+03
   1.5593009e+03
   1.5593100e+03
   1.5594277e+03
   1.5594370e+03
   1.5595401e+03
   1.5685890e+03
   1.5686138e+03
   1.5686188e+03
   1.5686227e+03
   1.5686299e+03
   1.5762760e+03
   1.5762827e+03
   1.5762921e+03
   1.5781159e+03
   1.5814675e+03
   1.5828102e+03
   1.5829244e+03
   1.5831687e+03
   1.5832840e+03
   1.5835132e+03
   1.5836158e+03
   1.5836346e+03
   1.5837334e+03
   1.5837432e+03
   1.5838308e+03
   1.5838410e+03
   1.5839557e+03
   1.5839638e+03
   1.5839781e+03
   1.5840137e+03
   1.5840340e+03
   1.5840541e+03
   1.5840695e+03
   1.5840810e+03
   1.5841306e+03
   1.5841869e+03
   1.5842425e+03
   1.5842621e+03
   1.5842730e+03
   1.6086444e+03
   1.6088842e+03
   1.6089652e+03
   1.6089724e+03
   1.6089878e+03
   1.6090690e+03
   1.6090796e+03
   1.6090874e+03
   1.6090966e+03
   1.6091036e+03
   1.6091093e+03
   1.6091690e+03
   1.6091973e+03
   1.6092794e+03
   1.6092948e+03
   1.6093036e+03
   1.6093920e+03
   1.6094066e+03
   1.6094207e+03
   1.6287889e+03
   1.6335983e+03
   1.6421027e+03
   1.6421122e+03
   1.6438265e+03
   1.6440459e+03
   1.6441430e+03
   1.6441530e+03
   1.6442448e+03
   1.6442526e+03
   1.6444577e+03
   1.6444703e+03
   1.6444798e+03
   1.6445710e+03
   1.6445812e+03
   1.6445871e+03
   1.6446053e+03
   1.6446697e+03
   1.6446871e+03
   1.6446939e+03
   1.6447000e+03
   1.6447448e+03
   1.6447731e+03
   1.6448682e+03
   1.6448803e+03
   1.6448918e+03
   1.6449009e+03
   1.6449131e+03
   1.6449698e+03
   1.6449804e+03
   1.6449888e+03
   1.6449987e+03
   1.6579280e+03
   1.6579405e+03
   1.6579539e+03
   1.6579748e+03
   1.6654310e+03
   1.6654397e+03
   1.6655404e+03
   1.6656525e+03
   1.6656598e+03
   1.6656645e+03
   1.6656695e+03
   1.6656811e+03
   1.6657629e+03
   1.6657737e+03
   1.6657777e+03
   1.6657868e+03
   1.6657981e+03
   1.6658162e+03
   1.6658602e+03
   1.6658707e+03
   1.6658799e+03
   1.6658985e+03
   1.6659037e+03
   1.6659655e+03
   1.6659733e+03
   1.6659796e+03
   1.6660020e+03
   1.6660099e+03
   1.6660708e+03
   1.6660840e+03
   1.6661138e+03
   1.6662147e+03
   1.6708808e+03
   1.6708913e+03
   1.6723652e+03
   1.6765156e+03
   1.6765267e+03
   1.6765373e+03
   1.6765466e+03
   1.6793377e+03
   1.6811571e+03
   1.6816894e+03
   1.6819620e+03
   1.6823284e+03
   1.6823437e+03
   1.6824393e+03
   1.6824773e+03
   1.6825367e+03
   1.6826358e+03
   1.6826485e+03
   1.6827435e+03
   1.6827534e+03
   1.6827679e+03
   1.6828163e+03
   1.6828674e+03
   1.6828835e+03
   1.6829643e+03
   1.6829787e+03
   1.6829947e+03
   1.6830432e+03
   1.6830621e+03
   1.6831619e+03
   1.6831656e+03
   1.6831911e+03
   1.7070115e+03
   1.7070285e+03
   1.7070482e+03
   1.7072542e+03
   1.7072630e+03
   1.7073683e+03
   1.7073765e+03
   1.7074928e+03
   1.7075017e+03
   1.7075174e+03
   1.7075320e+03
   1.7075872e+03
   1.7076084e+03
   1.7076164e+03
   1.7076281e+03
   1.7076514e+03
   1.7076961e+03
   1.7077039e+03
   1.7077139e+03
   1.7077239e+03
   1.7078177e+03
   1.7078304e+03
   1.7078387e+03
   1.7078955e+03
   1.7079053e+03
   1.7079226e+03
   1.7204060e+03
   1.7204220e+03
   1.7204315e+03
   1.7204431e+03
   1.7204529e+03
   1.7204634e+03
   1.7204775e+03
   1.7204830e+03
   1.7204913e+03
   1.7204977e+03
   1.7320297e+03
   1.7320386e+03
   1.7324852e+03
   1.7325964e+03
   1.7327026e+03
   1.7327110e+03
   1.7327972e+03
   1.7328065e+03
   1.7328148e+03
   1.7328223e+03
   1.7328356e+03
   1.7329088e+03
   1.7329202e+03
   1.7329388e+03
   1.7330084e+03
   1.7330243e+03
   1.7330710e+03
   1.7330876e+03
   1.7399310e+03
   1.7399426e+03
   1.7399672e+03
   1.7503870e+03
   1.7503955e+03
   1.7507986e+03
   1.7508187e+03
   1.7508250e+03
   1.7508385e+03
   1.7508438e+03
   1.7508573e+03
   1.7509193e+03
   1.7509318e+03
   1.7509455e+03
   1.7509499e+03
   1.7509563e+03
   1.7509628e+03
   1.7509821e+03
   1.7510131e+03
   1.7510184e+03
   1.7510260e+03
   1.7510308e+03
   1.7510384e+03
   1.7511295e+03
   1.7511489e+03
   1.7511623e+03
   1.7513437e+03
   1.7513499e+03
   1.7598801e+03
   1.7642509e+03
   1.7642875e+03
   1.7646219e+03
   1.7655520e+03
   1.7670171e+03
   1.7674129e+03
   1.7675636e+03
   1.7677759e+03
   1.7678084e+03
   1.7679406e+03
   1.7681484e+03
   1.7683243e+03
   1.7684153e+03
   1.7684207e+03
   1.7685404e+03
   1.7686409e+03
   1.7686529e+03
   1.7686642e+03
   1.7687513e+03
   1.7687585e+03
   1.7687716e+03
   1.7688756e+03
   1.7688860e+03
   1.7689461e+03
   1.7689607e+03
   1.7689838e+03
   1.7690787e+03
   1.7892758e+03
   1.7892878e+03
   1.7893849e+03
   1.7893935e+03
   1.7894877e+03
   1.7894953e+03
   1.7895990e+03
   1.7896100e+03
   1.7896184e+03
   1.7896234e+03
   1.7896973e+03
   1.7897067e+03
   1.7897148e+03
   1.7897218e+03
   1.7897318e+03
   1.7898132e+03
   1.7898211e+03
   1.7898275e+03
   1.7898330e+03
   1.7898959e+03
   1.7899075e+03
   1.7899302e+03
   1.7899395e+03
   1.8017329e+03
   1.8039769e+03
   1.8039957e+03
   1.8158491e+03
   1.8160905e+03
   1.8162898e+03
   1.8162982e+03
   1.8163044e+03
   1.8163955e+03
   1.8164059e+03
   1.8164916e+03
   1.8164969e+03
   1.8165136e+03
   1.8165884e+03
   1.8165979e+03
   1.8166116e+03
   1.8166171e+03
   1.8166568e+03
   1.8166652e+03
   1.8380513e+03
   1.8380594e+03
   1.8381512e+03
   1.8381641e+03
   1.8381723e+03
   1.8381793e+03
   1.8381919e+03
   1.8382667e+03
   1.8382732e+03
   1.8382782e+03
   1.8382898e+03
   1.8382950e+03
   1.8383700e+03
   1.8383810e+03
   1.8383869e+03
   1.8383934e+03
   1.8384046e+03
   1.8384599e+03
   1.8384663e+03
   1.8384733e+03
   1.8384940e+03
   1.8384995e+03
   1.8385067e+03
   1.8385793e+03
   1.8386123e+03
   1.8387096e+03
   1.8387403e+03
   1.8388115e+03
   1.8388322e+03
   1.8473479e+03
   1.8473698e+03
   1.8557964e+03
   1.8558139e+03
   1.8599095e+03
   1.8600258e+03
   1.8603069e+03
   1.8604429e+03
   1.8606800e+03
   1.8606883e+03
   1.8609118e+03
   1.8609185e+03
   1.8610162e+03
   1.8610249e+03
   1.8611331e+03
   1.8611480e+03
   1.8612127e+03
   1.8612291e+03
   1.8612356e+03
   1.8612437e+03
   1.8613188e+03
   1.8613253e+03
   1.8613727e+03
   1.8614189e+03
   1.8614478e+03
   1.8614603e+03
   1.8845354e+03
   1.8845566e+03
   1.8847586e+03
   1.8847680e+03
   1.8848566e+03
   1.8848633e+03
   1.8848708e+03
   1.8848756e+03
   1.8849641e+03
   1.8849831e+03
   1.8849873e+03
   1.8850756e+03
   1.8850936e+03
   1.8851037e+03
   1.8851860e+03
   1.8851945e+03
   1.8852478e+03
   1.8852766e+03
   1.8852845e+03
   1.8853040e+03
   1.8853284e+03
   1.8853834e+03
   1.8854096e+03
   1.8854350e+03
   1.8855111e+03
   1.8855259e+03
   1.8856530e+03
   1.8908277e+03
   1.8908501e+03
   1.8908978e+03
   1.8909093e+03
   1.8909160e+03
   1.8909262e+03
   1.8909443e+03
   1.8909509e+03
   1.8909606e+03
   1.8910003e+03
   1.8910427e+03
   1.8910919e+03
   1.8910998e+03
   1.8911301e+03
   1.8911421e+03
   1.8912146e+03
   1.8912223e+03
   1.8912355e+03
   1.8912417e+03
   1.8912546e+03
   1.8912628e+03
   1.8913395e+03
   1.8913496e+03
   1.8913688e+03
   1.8913941e+03
   1.8914764e+03
   1.8914899e+03
   1.8915063e+03
   1.8915176e+03
   1.8915246e+03
   1.8916501e+03
   1.8916626e+03
   1.8916877e+03
   1.8918133e+03
   1.8918269e+03
   1.8918472e+03
   1.8918587e+03
   1.8918765e+03
   1.8919966e+03
   1.8920038e+03
   1.8920248e+03
   1.8920360e+03
   1.8923471e+03
   1.8923973e+03
   1.8924018e+03
   1.8924113e+03
   1.8924220e+03
   1.8924425e+03
   1.8925159e+03
   1.8925406e+03
   1.8925498e+03
   1.8925747e+03
   1.8928073e+03
   1.8928883e+03
   1.8928965e+03
   1.8929057e+03
   1.8929310e+03
   1.8929437e+03
   1.8930962e+03
   1.8943145e+03
   1.8943251e+03
   1.9234916e+03
   1.9235848e+03
   1.9236047e+03
   1.9236955e+03
   1.9237059e+03
   1.9237948e+03
   1.9238037e+03
   1.9238131e+03
   1.9238196e+03
   1.9238772e+03
   1.9239003e+03
   1.9239072e+03
   1.9239754e+03
   1.9239885e+03
   1.9240027e+03
   1.9240189e+03
   1.9240682e+03
   1.9268122e+03
   1.9277621e+03
   1.9445233e+03
   1.9445371e+03
   1.9446306e+03
   1.9446549e+03
   1.9447469e+03
   1.9447603e+03
   1.9448145e+03
   1.9448349e+03
   1.9448466e+03
   1.9448512e+03
   1.9448663e+03
   1.9448874e+03
   1.9448984e+03
   1.9449149e+03
   1.9449206e+03
   1.9449315e+03
   1.9449480e+03
   1.9449641e+03
   1.9449737e+03
   1.9450276e+03
   1.9450334e+03
   1.9450441e+03
   1.9450520e+03
   1.9450560e+03
   1.9450616e+03
   1.9450661e+03
   1.9450792e+03
   1.9450869e+03
   1.9451730e+03
   1.9451766e+03
   1.9451871e+03
   1.9452843e+03
   1.9452960e+03
   1.9453110e+03
   1.9454328e+03
   1.9463144e+03
   1.9463999e+03
   1.9464134e+03
   1.9464364e+03
   1.9464445e+03
   1.9464654e+03
   1.9464847e+03
   1.9465044e+03
   1.9465966e+03
   1.9466138e+03
   1.9467271e+03
   1.9469760e+03
   1.9469930e+03
   1.9470211e+03
   1.9470303e+03
   1.9470387e+03
   1.9472734e+03
   1.9524064e+03
   1.9524193e+03
   1.9524355e+03
   1.9524421e+03
   1.9524513e+03
   1.9524577e+03
   1.9525023e+03
   1.9525068e+03
   1.9525118e+03
   1.9525170e+03
   1.9566701e+03
   1.9570380e+03
   1.9570554e+03
   1.9577016e+03
   1.9581323e+03
   1.9581501e+03
   1.9582796e+03
   1.9584075e+03
   1.9586459e+03
   1.9587503e+03
   1.9588611e+03
   1.9588698e+03
   1.9589774e+03
   1.9592782e+03
   1.9593018e+03
   1.9593300e+03
   1.9593665e+03
   1.9593756e+03
   1.9593934e+03
   1.9594255e+03
   1.9594508e+03
   1.9594768e+03
   1.9594982e+03
   1.9595639e+03
   1.9595807e+03
   1.9652308e+03
   1.9653606e+03
   1.9654039e+03
   1.9654148e+03
   1.9654335e+03
   1.9654394e+03
   1.9654569e+03
   1.9654678e+03
   1.9655373e+03
   1.9655500e+03
   1.9655557e+03
   1.9655659e+03
   1.9655744e+03
   1.9656403e+03
   1.9656536e+03
   1.9656598e+03
   1.9656697e+03
   1.9657110e+03
   1.9657422e+03
   1.9657782e+03
   1.9657945e+03
   1.9658029e+03
   1.9658635e+03
   1.9658684e+03
   1.9658846e+03
   1.9658989e+03
   1.9659099e+03
   1.9659790e+03
   1.9660011e+03
   1.9660178e+03
   1.9660319e+03
   1.9661411e+03
   1.9661593e+03
   1.9662825e+03
   1.9662895e+03
   1.9663026e+03
   1.9663236e+03
   1.9665403e+03
   1.9665554e+03
   1.9665984e+03
   1.9667046e+03
   1.9667320e+03
   1.9667399e+03
   1.9670003e+03
   1.9671106e+03
   1.9671643e+03
   1.9677607e+03
   1.9677840e+03
   1.9680013e+03
   1.9680735e+03
   1.9681874e+03
   1.9682038e+03
   1.9683408e+03
   1.9683635e+03
   1.9683681e+03
   1.9683744e+03
   1.9684947e+03
   1.9685172e+03
   1.9685272e+03
   1.9685505e+03
   1.9686342e+03
   1.9686509e+03
   1.9686634e+03
   1.9686706e+03
   1.9686871e+03
   1.9687749e+03
   1.9688086e+03
   1.9689506e+03
   1.9707564e+03
   1.9713610e+03
   1.9713974e+03
   1.9714973e+03
   1.9715062e+03
   1.9715154e+03
   1.9715298e+03
   1.9719318e+03
   1.9724874e+03
   1.9725213e+03
   1.9725299e+03
   1.9726908e+03
   1.9726993e+03
   1.9727621e+03
   1.9728763e+03
   1.9728829e+03
   1.9728902e+03
   1.9729051e+03
   1.9729271e+03
   1.9729416e+03
   1.9729863e+03
   1.9730230e+03
   1.9730306e+03
   1.9731326e+03
   1.9731551e+03
   1.9731749e+03
   1.9733798e+03
   1.9773570e+03
   1.9903309e+03
   1.9903402e+03
   1.9904505e+03
   1.9904599e+03
   1.9904719e+03
   1.9905573e+03
   1.9905720e+03
   1.9906634e+03
   1.9906735e+03
   1.9906812e+03
   1.9906931e+03
   1.9907880e+03
   1.9908020e+03
   1.9908559e+03
   1.9908757e+03
   1.9908854e+03
   1.9908929e+03
   1.9908993e+03
   1.9909473e+03
   1.9909865e+03
   1.9909944e+03
   1.9910654e+03
   1.9910701e+03
   1.9910749e+03
   1.9910796e+03
   1.9910851e+03
   1.9910899e+03
   1.9910972e+03
   1.9911040e+03
   1.9912106e+03
   1.9912253e+03
   1.9912466e+03
   1.9913188e+03
   1.9913344e+03
   2.0008359e+03
   2.0008516e+03
   2.0008584e+03
   2.0144291e+03
   2.0144356e+03
   2.0146046e+03
   2.0146661e+03
   2.0147532e+03
   2.0147800e+03
   2.0148649e+03
   2.0148772e+03
   2.0148878e+03
   2.0149669e+03
   2.0149748e+03
   2.0149805e+03
   2.0150730e+03
   2.0150801e+03
   2.0150902e+03
   2.0151743e+03
   2.0151812e+03
   2.0151907e+03
   2.0152454e+03
   2.0152648e+03
   2.0152795e+03
   2.0204024e+03
   2.0204320e+03
   2.0215578e+03
   2.0218016e+03
   2.0220512e+03
   2.0368741e+03
   2.0371984e+03
   2.0372143e+03
   2.0372958e+03
   2.0373139e+03
   2.0373224e+03
   2.0373297e+03
   2.0373367e+03
   2.0373442e+03
   2.0373700e+03
   2.0374049e+03
   2.0374145e+03
   2.0374244e+03
   2.0374315e+03
   2.0374366e+03
   2.0374441e+03
   2.0374532e+03
   2.0375040e+03
   2.0375126e+03
   2.0375191e+03
   2.0375289e+03
   2.0375365e+03
   2.0375482e+03
   2.0376313e+03
   2.0376370e+03
   2.0376441e+03
   2.0377526e+03
   2.0490049e+03
   2.0490122e+03
   2.0494309e+03
   2.0500255e+03
   2.0501109e+03
   2.0536799e+03
   2.0543895e+03
   2.0546247e+03
   2.0547228e+03
   2.0548353e+03
   2.0548477e+03
   2.0549340e+03
   2.0549439e+03
   2.0549664e+03
   2.0550268e+03
   2.0550393e+03
   2.0551363e+03
   2.0551594e+03
   2.0552083e+03
   2.0552171e+03
   2.0552270e+03
   2.0552688e+03
   2.0553627e+03
   2.0554690e+03
   2.0683338e+03
   2.0727366e+03
   2.0727572e+03
   2.0728398e+03
   2.0728535e+03
   2.0728643e+03
   2.0729510e+03
   2.0729607e+03
   2.0729666e+03
   2.0729772e+03
   2.0730624e+03
   2.0730741e+03
   2.0730817e+03
   2.0730895e+03
   2.0730970e+03
   2.0731801e+03
   2.0731932e+03
   2.0732718e+03
   2.0732894e+03
   2.0733066e+03
   2.0733957e+03
   2.0933519e+03
   2.0933580e+03
   2.0933717e+03
   2.0933879e+03
   2.0992234e+03
   2.0995604e+03
   2.0996880e+03
   2.0996948e+03
   2.0997873e+03
   2.0997958e+03
   2.0998022e+03
   2.0998162e+03
   2.0998877e+03
   2.0998947e+03
   2.0999010e+03
   2.0999124e+03
   2.0999833e+03
   2.0999908e+03
   2.1000000e+03
   2.1000637e+03
   2.1000819e+03
   2.1001020e+03
   2.1001106e+03
   2.1001830e+03
   2.1280511e+03
   2.1280620e+03
   2.1280672e+03
   2.1280734e+03
   2.1280927e+03
   2.1281516e+03
   2.1281573e+03
   2.1281687e+03
   2.1281737e+03
   2.1281813e+03
   2.1282009e+03
   2.1282087e+03
   2.1282236e+03
   2.1282419e+03
   2.1282645e+03
   2.1282733e+03
   2.1282818e+03
   2.1282926e+03
   2.1282980e+03
   2.1283387e+03
   2.1283432e+03
   2.1283468e+03
   2.1283541e+03
   2.1283592e+03
   2.1283637e+03
   2.1283699e+03
   2.1283792e+03
   2.1283839e+03
   2.1284697e+03
   2.1284784e+03
   2.1285040e+03
   2.1285122e+03
   2.1285900e+03
   2.1285962e+03
   2.1287032e+03
   2.1380732e+03
   2.1416398e+03
   2.1416526e+03
   2.1420028e+03
   2.1420325e+03
   2.1421192e+03
   2.1421325e+03
   2.1422137e+03
   2.1422215e+03
   2.1423168e+03
   2.1423245e+03
   2.1424430e+03
   2.1425074e+03
   2.1425381e+03
   2.1426404e+03
   2.1426644e+03
   2.1648164e+03
   2.1650258e+03
   2.1650353e+03
   2.1650465e+03
   2.1651429e+03
   2.1651478e+03
   2.1651562e+03
   2.1652445e+03
   2.1652550e+03
   2.1652714e+03
   2.1652785e+03
   2.1653444e+03
   2.1653711e+03
   2.1653765e+03
   2.1654631e+03
   2.1654688e+03
   2.1654814e+03
   2.1654880e+03
   2.1655711e+03
   2.1655768e+03
   2.1656568e+03
   2.1656799e+03
   2.1656921e+03
   2.1772113e+03
   2.1946027e+03
   2.1947052e+03
   2.1947204e+03
   2.1948269e+03
   2.1948331e+03
   2.1949005e+03
   2.1949118e+03
   2.1949235e+03
   2.1949327e+03
   2.1950278e+03
   2.1950542e+03
   2.1951132e+03
   2.1951458e+03
   2.1951541e+03
   2.1952197e+03
   2.1952535e+03
   2.1953196e+03
   2.2041984e+03
   2.2042039e+03
   2.2042120e+03
   2.2071608e+03
   2.2071767e+03
   2.2264997e+03
   2.2271055e+03
   2.2271182e+03
   2.2271334e+03
   2.2271490e+03
   2.2286461e+03
   2.2286512e+03
   2.2286601e+03
   2.2294729e+03
   2.2294815e+03
   2.2294875e+03
   2.2294919e+03
   2.2295412e+03
   2.2295821e+03
   2.2295871e+03
   2.2295993e+03
   2.2296047e+03
   2.2296089e+03
   2.2296181e+03
   2.2296600e+03
   2.2296715e+03
   2.2296869e+03
   2.2296944e+03
   2.2297026e+03
   2.2297109e+03
   2.2297206e+03
   2.2297423e+03
   2.2297692e+03
   2.2297786e+03
   2.2297976e+03
   2.2298059e+03
   2.2298161e+03
   2.2298918e+03
   2.2299007e+03
   2.2299107e+03
   2.2299214e+03
   2.2299306e+03
   2.2300170e+03
   2.2300280e+03
   2.2300339e+03
   2.2301231e+03
   2.2301343e+03
   2.2301424e+03
   2.2367551e+03
   2.2367613e+03
   2.2367673e+03
   2.2399432e+03
   2.2473177e+03
   2.2488038e+03
   2.2488203e+03
   2.2488334e+03
   2.2488532e+03
   2.2488769e+03
   2.2488851e+03
   2.2488922e+03
   2.2488967e+03
   2.2499839e+03
   2.2499951e+03
   2.2500137e+03
   2.2500235e+03
   2.2516141e+03
   2.2517201e+03
   2.2520294e+03
   2.2520434e+03
   2.2524253e+03
   2.2524551e+03
   2.2524830e+03
   2.2525968e+03
   2.2526058e+03
   2.2526351e+03
   2.2527185e+03
   2.2527539e+03
   2.2528142e+03
   2.2528443e+03
   2.2528909e+03
   2.2529466e+03
   2.2529756e+03
   2.2529940e+03
   2.2530216e+03
   2.2530407e+03
   2.2531139e+03
   2.2531295e+03
   2.2531519e+03
   2.2532117e+03
   2.2532150e+03
   2.2532185e+03
   2.2532262e+03
   2.2532348e+03
   2.2532445e+03
   2.2781876e+03
   2.2786292e+03
   2.2787422e+03
   2.2787497e+03
   2.2788617e+03
   2.2788664e+03
   2.2788708e+03
   2.2788822e+03
   2.2789753e+03
   2.2789810e+03
   2.2789932e+03
   2.2790602e+03
   2.2790758e+03
   2.2790832e+03
   2.2790938e+03
   2.2791719e+03
   2.2791771e+03
   2.2791908e+03
   2.2792647e+03
   2.2792849e+03
   2.2793014e+03
   2.2793167e+03
   2.2793695e+03
   2.2793790e+03
   2.2794018e+03
   2.2794137e+03
   2.2794961e+03
   2.2953079e+03
   2.2998723e+03
   2.2998845e+03
   2.3205991e+03
   2.3209468e+03
   2.3211928e+03
   2.3213796e+03
   2.3214088e+03
   2.3216280e+03
   2.3218205e+03
   2.3218288e+03
   2.3218380e+03
   2.3218446e+03
   2.3219302e+03
   2.3219477e+03
   2.3219549e+03
   2.3220252e+03
   2.3220298e+03
   2.3220418e+03
   2.3220989e+03
   2.3221131e+03
   2.3285889e+03
   2.3285957e+03
   2.3286063e+03
   2.3286116e+03
   2.3359403e+03
   2.3362591e+03
   2.3362674e+03
   2.3453242e+03
   2.3453384e+03
   2.3453446e+03
   2.3456244e+03
   2.3456338e+03
   2.3456401e+03
   2.3456473e+03
   2.3456532e+03
   2.3456575e+03
   2.3456611e+03
   2.3456699e+03
   2.3457109e+03
   2.3457158e+03
   2.3457198e+03
   2.3457258e+03
   2.3457295e+03
   2.3457342e+03
   2.3457389e+03
   2.3457438e+03
   2.3457519e+03
   2.3457597e+03
   2.3458203e+03
   2.3458262e+03
   2.3458349e+03
   2.3458463e+03
   2.3459363e+03
   2.3459422e+03
   2.3459575e+03
   2.3459644e+03
   2.3459753e+03
   2.3459821e+03
   2.3460680e+03
   2.3460790e+03
   2.3461880e+03
   2.3574072e+03
   2.3574158e+03
   2.3574360e+03
   2.3574486e+03
   2.3611469e+03
   2.3612780e+03
   2.3613974e+03
   2.3616108e+03
   2.3616209e+03
   2.3616293e+03
   2.3617243e+03
   2.3617845e+03
   2.3618292e+03
   2.3618346e+03
   2.3618460e+03
   2.3618564e+03
   2.3618643e+03
   2.3618866e+03
   2.3618917e+03
   2.3619393e+03
   2.3619547e+03
   2.3619654e+03
   2.3620313e+03
   2.3620493e+03
   2.3621317e+03
   2.3621495e+03
   2.3621569e+03
   2.3621658e+03
   2.3769988e+03
   2.3770133e+03
   2.3807315e+03
   2.3811749e+03
   2.3811845e+03
   2.3812820e+03
   2.3812969e+03
   2.3814066e+03
   2.3814125e+03
   2.3814212e+03
   2.3815012e+03
   2.3815123e+03
   2.3815175e+03
   2.3815256e+03
   2.3816228e+03
   2.3816356e+03
   2.3816450e+03
   2.3816554e+03
   2.3816622e+03
   2.3817174e+03
   2.3817462e+03
   2.3817543e+03
   2.3818050e+03
   2.3818318e+03
   2.3818416e+03
   2.3818496e+03
   2.3819471e+03
   2.3820417e+03
   2.3820532e+03
   2.3870412e+03
   2.3870531e+03
   2.3933056e+03
   2.3933119e+03
   2.4063528e+03
   2.4064534e+03
   2.4067167e+03
   2.4068150e+03
   2.4068261e+03
   2.4068389e+03
   2.4069326e+03
   2.4069394e+03
   2.4069470e+03
   2.4070283e+03
   2.4070421e+03
   2.4070541e+03
   2.4070635e+03
   2.4070780e+03
   2.4071155e+03
   2.4071310e+03
   2.4071377e+03
   2.4071445e+03
   2.4071611e+03
   2.4072320e+03
   2.4073011e+03
   2.4073319e+03
   2.4170187e+03
   2.4170361e+03
   2.4247872e+03
   2.4247978e+03
   2.4248033e+03
   2.4248104e+03
   2.4248154e+03
   2.4248601e+03
   2.4345542e+03
   2.4346663e+03
   2.4346747e+03
   2.4346850e+03
   2.4347679e+03
   2.4348788e+03
   2.4348876e+03
   2.4348938e+03
   2.4348987e+03
   2.4349094e+03
   2.4349532e+03
   2.4349742e+03
   2.4349803e+03
   2.4349855e+03
   2.4349925e+03
   2.4350060e+03
   2.4350152e+03
   2.4350349e+03
   2.4350749e+03
   2.4350822e+03
   2.4350990e+03
   2.4351043e+03
   2.4351117e+03
   2.4351190e+03
   2.4351690e+03
   2.4351741e+03
   2.4351981e+03
   2.4352190e+03
   2.4352284e+03
   2.4352973e+03
   2.4353030e+03
   2.4353120e+03
   2.4354363e+03
   2.4504295e+03
   2.4508663e+03
   2.4546640e+03
   2.4554185e+03
   2.4557640e+03
   2.4557766e+03
   2.4558775e+03
   2.4559946e+03
   2.4560043e+03
   2.4560914e+03
   2.4561085e+03
   2.4562167e+03
   2.4562232e+03
   2.4562321e+03
   2.4562484e+03
   2.4563113e+03
   2.4563252e+03
   2.4563452e+03
   2.4564204e+03
   2.4564421e+03
   2.4564642e+03
   2.4565174e+03
   2.4565334e+03
   2.4566220e+03
   2.4730994e+03
   2.4731077e+03
   2.4731365e+03
   2.4732024e+03
   2.4788707e+03
   2.4791990e+03
   2.4793275e+03
   2.4793348e+03
   2.4794177e+03
   2.4794364e+03
   2.4794425e+03
   2.4794545e+03
   2.4794590e+03
   2.4794697e+03
   2.4795162e+03
   2.4795348e+03
   2.4795460e+03
   2.4795569e+03
   2.4796144e+03
   2.4796301e+03
   2.4796483e+03
   2.4796543e+03
   2.4796619e+03
   2.4797163e+03
   2.4797309e+03
   2.4797519e+03
   2.4797791e+03
   2.4798388e+03
   2.4798558e+03
   2.4798899e+03
   2.4977625e+03
   2.4980738e+03
   2.4983066e+03
   2.4984197e+03
   2.4984308e+03
   2.4985296e+03
   2.4985366e+03
   2.4986402e+03
   2.4986538e+03
   2.4986606e+03
   2.4987206e+03
   2.4987372e+03
   2.4987513e+03
   2.4987573e+03
   2.4987931e+03
   2.4988484e+03
   2.4989132e+03
   2.4989482e+03
   2.5085072e+03
   2.5166563e+03
   2.5167536e+03
   2.5167626e+03
   2.5167733e+03
   2.5168513e+03
   2.5168636e+03
   2.5168754e+03
   2.5168796e+03
   2.5168870e+03
   2.5169120e+03
   2.5169863e+03
   2.5170188e+03
   2.5170592e+03
   2.5170655e+03
   2.5170776e+03
   2.5170849e+03
   2.5171508e+03
   2.5171551e+03
   2.5171644e+03
   2.5171739e+03
   2.5171799e+03
   2.5171832e+03
   2.5171869e+03
   2.5171935e+03
   2.5172031e+03
   2.5172109e+03
   2.5172595e+03
   2.5172703e+03
   2.5172764e+03
   2.5172913e+03
   2.5173830e+03
   2.5173935e+03
   2.5174059e+03
   2.5174279e+03
   2.5175042e+03
   2.5175245e+03
   2.5236135e+03
   2.5236231e+03
   2.5236432e+03
   2.5320214e+03
   2.5332824e+03
   2.5337820e+03
   2.5337976e+03
   2.5338140e+03
   2.5338219e+03
   2.5339248e+03
   2.5341284e+03
   2.5341350e+03
   2.5341529e+03
   2.5342469e+03
   2.5343555e+03
   2.5343963e+03
   2.5344552e+03
   2.5344752e+03
   2.5345237e+03
   2.5345475e+03
   2.5345606e+03
   2.5345707e+03
   2.5346436e+03
   2.5346523e+03
   2.5346633e+03
   2.5602137e+03
   2.5606756e+03
   2.5609035e+03
   2.5610264e+03
   2.5611360e+03
   2.5612450e+03
   2.5612554e+03
   2.5613714e+03
   2.5613795e+03
   2.5614723e+03
   2.5614802e+03
   2.5614905e+03
   2.5615022e+03
   2.5615574e+03
   2.5615645e+03
   2.5615735e+03
   2.5616802e+03
   2.5616962e+03
   2.5617126e+03
   2.5617217e+03
   2.5617294e+03
   2.5617546e+03
   2.5617633e+03
   2.5617862e+03
   2.5617948e+03
   2.5618134e+03
   2.5618182e+03
   2.5618296e+03
   2.5618877e+03
   2.5619126e+03
   2.5669450e+03
   2.5669762e+03
   2.5681974e+03
   2.5687500e+03
   2.5687749e+03
   2.5696268e+03
   2.5697546e+03
   2.5697715e+03
   2.5709185e+03
   2.5709289e+03
   2.5726482e+03
   2.5726741e+03
   2.5737026e+03
   2.5738964e+03
   2.5742509e+03
   2.5743182e+03
   2.5747955e+03
   2.5748819e+03
   2.5748981e+03
   2.5751451e+03
   2.6073992e+03
   2.6125663e+03
   2.6275131e+03
   2.6275252e+03
   2.6275375e+03
   2.6275434e+03
   2.6275520e+03
   2.6293412e+03
   2.6293469e+03
   2.6293533e+03
   2.6303657e+03
   2.6322282e+03
   2.6322382e+03
   2.6322465e+03
   2.6322531e+03
   2.6323469e+03
   2.6323564e+03
   2.6323751e+03
   2.6324536e+03
   2.6324653e+03
   2.6324707e+03
   2.6325218e+03
   2.6325748e+03
   2.6325821e+03
   2.6325916e+03
   2.6325970e+03
   2.6326722e+03
   2.6326830e+03
   2.6326906e+03
   2.6327594e+03
   2.6327869e+03
   2.6327929e+03
   2.6328085e+03
   2.6328166e+03
   2.6328717e+03
   2.6329080e+03
   2.6329145e+03
   2.6329208e+03
   2.6329763e+03
   2.6329862e+03
   2.6329997e+03
   2.6330149e+03
   2.6330449e+03
   2.6331133e+03
   2.6331395e+03
   2.6331577e+03
   2.6332503e+03
   2.6333321e+03
   2.6333470e+03
   2.6333594e+03
   2.6333796e+03
   2.6334377e+03
   2.6334728e+03
   2.6335300e+03
   2.6335773e+03
   2.6336098e+03
   2.6336336e+03
   2.6365192e+03
   2.6365251e+03
   2.6366263e+03
   2.6366341e+03
   2.6366396e+03
   2.6366528e+03
   2.6367452e+03
   2.6367812e+03
   2.6385193e+03
   2.6386539e+03
   2.6387189e+03
   2.6387312e+03
   2.6397733e+03
   2.6401013e+03
   2.6401172e+03
   2.6402230e+03
   2.6402478e+03
   2.6404827e+03
   2.6404914e+03
   2.6405115e+03
   2.6405217e+03
   2.6407922e+03
   2.6408436e+03
   2.6446753e+03
   2.6446838e+03
   2.6458381e+03
   2.6458588e+03
   2.6458670e+03
   2.6459673e+03
   2.6591624e+03
   2.6594822e+03
   2.6596019e+03
   2.6596159e+03
   2.6596228e+03
   2.6596317e+03
   2.6596669e+03
   2.6596821e+03
   2.6596860e+03
   2.6597045e+03
   2.6597121e+03
   2.6597194e+03
   2.6597235e+03
   2.6597407e+03
   2.6597564e+03
   2.6597951e+03
   2.6598005e+03
   2.6598074e+03
   2.6598142e+03
   2.6598200e+03
   2.6598281e+03
   2.6598352e+03
   2.6598869e+03
   2.6598920e+03
   2.6599095e+03
   2.6599180e+03
   2.6599295e+03
   2.6599387e+03
   2.6599457e+03
   2.6600176e+03
   2.6600214e+03
   2.6601220e+03
   2.6619029e+03
   2.6638484e+03
   2.6640999e+03
   2.6646962e+03
   2.6647091e+03
   2.6647824e+03
   2.6738498e+03
   2.6738625e+03
   2.6738749e+03
   2.6738827e+03
   2.6738889e+03
   2.6827126e+03
   2.6828649e+03
   2.6828749e+03
   2.6830316e+03
   2.6835665e+03
   2.6837126e+03
   2.6841007e+03
   2.6841597e+03
   2.6841801e+03
   2.6842296e+03
   2.6842901e+03
   2.6844527e+03
   2.6845544e+03
   2.6845599e+03
   2.6846676e+03
   2.6846823e+03
   2.6846904e+03
   2.6851239e+03
   2.6851498e+03
   2.6851757e+03
   2.6852462e+03
   2.6852786e+03
   2.6853340e+03
   2.6853468e+03
   2.6853587e+03
   2.6854030e+03
   2.6854153e+03
   2.6854240e+03
   2.6854997e+03
   2.6855037e+03
   2.6855092e+03
   2.6855143e+03
   2.6855230e+03
   2.6855271e+03
   2.6855342e+03
   2.6855401e+03
   2.6855501e+03
   2.6855656e+03
   2.6856285e+03
   2.6856348e+03
   2.6856394e+03
   2.6856443e+03
   2.6856495e+03
   2.6857457e+03
   2.6920610e+03
   2.6921580e+03
   2.6978385e+03
   2.6980012e+03
   2.7083628e+03
   2.7083755e+03
   2.7083863e+03
   2.7150024e+03
   2.7150098e+03
   2.7150245e+03
   2.7165006e+03
   2.7166071e+03
   2.7167080e+03
   2.7167202e+03
   2.7168242e+03
   2.7168400e+03
   2.7169315e+03
   2.7169461e+03
   2.7169627e+03
   2.7170374e+03
   2.7170453e+03
   2.7170558e+03
   2.7171027e+03
   2.7171229e+03
   2.7171342e+03
   2.7171458e+03
   2.7171500e+03
   2.7171628e+03
   2.7172115e+03
   2.7172250e+03
   2.7172459e+03
   2.7173210e+03
   2.7173434e+03
   2.7173586e+03
   2.7351491e+03
   2.7351606e+03
   2.7351702e+03
   2.7351768e+03
   2.7628185e+03
   2.7630792e+03
   2.7631746e+03
   2.7632638e+03
   2.7632746e+03
   2.7632834e+03
   2.7633683e+03
   2.7633779e+03
   2.7633839e+03
   2.7634820e+03
   2.7634996e+03
   2.7635860e+03
   2.7635990e+03
   2.7636547e+03
   2.7636746e+03
   2.7636838e+03
   2.7636879e+03
   2.7636966e+03
   2.7637563e+03
   2.7637839e+03
   2.7785994e+03
   2.7895540e+03
   2.7899117e+03
   2.7899879e+03
   2.7900963e+03
   2.7901013e+03
   2.7901066e+03
   2.7901115e+03
   2.7901949e+03
   2.7902012e+03
   2.7902130e+03
   2.7902216e+03
   2.7902359e+03
   2.7903177e+03
   2.7903298e+03
   2.7903360e+03
   2.7903449e+03
   2.7903521e+03
   2.7904034e+03
   2.7904119e+03
   2.7904178e+03
   2.7904277e+03
   2.7904422e+03
   2.7904531e+03
   2.7905066e+03
   2.7905144e+03
   2.7905514e+03
   2.7905612e+03
   2.7905885e+03
   2.7906069e+03
   2.7906672e+03
   2.7906717e+03
   2.7906834e+03
   2.7906990e+03
   2.7907153e+03
   2.7907352e+03
   2.7908041e+03
   2.7908138e+03
   2.7909163e+03
   2.7909383e+03
   2.7948734e+03
   2.7948827e+03
   2.7948935e+03
   2.7948995e+03
   2.7960487e+03
   2.7960598e+03
   2.7960721e+03
   2.7960803e+03
   2.8073554e+03
   2.8074079e+03
   2.8074238e+03
   2.8090471e+03
   2.8090727e+03
   2.8102179e+03
   2.8102315e+03
   2.8121802e+03
   2.8122056e+03
   2.8122264e+03
   2.8176702e+03
   2.8179228e+03
   2.8180549e+03
   2.8181926e+03
   2.8182078e+03
   2.8182763e+03
   2.8184313e+03
   2.8185536e+03
   2.8186505e+03
   2.8186591e+03
   2.8186640e+03
   2.8187631e+03
   2.8187768e+03
   2.8187884e+03
   2.8188785e+03
   2.8188919e+03
   2.8188987e+03
   2.8189055e+03
   2.8189591e+03
   2.8189866e+03
   2.8190628e+03
   2.8190676e+03
   2.8190913e+03
   2.8191042e+03
   2.8191269e+03
   2.8191737e+03
   2.8191842e+03
   2.8192970e+03
   2.8193128e+03
   2.8278403e+03
   2.8406228e+03
   2.8406310e+03
   2.8406487e+03
   2.8449333e+03
   2.8449537e+03
   2.8512182e+03
   2.8512266e+03
   2.8513459e+03
   2.8514370e+03
   2.8514466e+03
   2.8515224e+03
   2.8515493e+03
   2.8515574e+03
   2.8516428e+03
   2.8516522e+03
   2.8516593e+03
   2.8516736e+03
   2.8517366e+03
   2.8517646e+03
   2.8517800e+03
   2.8517861e+03
   2.8518504e+03
   2.8518587e+03
   2.8518751e+03
   2.8518902e+03
   2.8518953e+03
   2.8519593e+03
   2.8519666e+03
   2.8519900e+03
   2.8521258e+03
   2.8521523e+03
   2.8526298e+03
   2.8526385e+03
   2.8526500e+03
   2.8526599e+03
   2.8526793e+03
   2.8527035e+03
   2.8528509e+03
   2.8528667e+03
   2.8612254e+03
   2.8612361e+03
   2.8612460e+03
   2.8617105e+03
   2.8617259e+03
   2.8618174e+03
   2.8618340e+03
   2.8619265e+03
   2.8619444e+03
   2.8620206e+03
   2.8620429e+03
   2.8620526e+03
   2.8620566e+03
   2.8620662e+03
   2.8621001e+03
   2.8621172e+03
   2.8621606e+03
   2.8630895e+03
   2.8635444e+03
   2.8635743e+03
   2.8636364e+03
   2.8636422e+03
   2.8636507e+03
   2.8639761e+03
   2.8697006e+03
   2.8700152e+03
   2.8702749e+03
   2.8705980e+03
   2.8706054e+03
   2.8707059e+03
   2.8707200e+03
   2.8707344e+03
   2.8708019e+03
   2.8708154e+03
   2.8708222e+03
   2.8708299e+03
   2.8709103e+03
   2.8709862e+03
   2.8710395e+03
   2.8761053e+03
   2.8761194e+03
   2.8761283e+03
   2.8761337e+03
   2.8761374e+03
   2.8761560e+03
   2.8761595e+03
   2.8761655e+03
   2.8761696e+03
   2.8761737e+03
   2.8761777e+03
   2.8761809e+03
   2.8761839e+03
   2.8761910e+03
   2.8761946e+03
   2.8762423e+03
   2.8788108e+03
   2.8788645e+03
   2.8790349e+03
   2.8791520e+03
   2.8791679e+03
   2.8792667e+03
   2.8793634e+03
   2.8793679e+03
   2.8794742e+03
   2.8794868e+03
   2.8795064e+03
   2.8795462e+03
   2.8795694e+03
   2.8795847e+03
   2.8795990e+03
   2.8796070e+03
   2.8796588e+03
   2.8796689e+03
   2.8796919e+03
   2.9633558e+03
   3.0042007e+03
   3.0042194e+03
   3.0402419e+03
   3.0413248e+03
   3.0413305e+03
   3.0413371e+03
   3.0413474e+03
   3.0413554e+03
   3.0414181e+03
   3.0414251e+03
   3.0414301e+03
   3.0560698e+03
   3.0560771e+03
   3.0560811e+03
   3.0560926e+03
   3.0959332e+03
   3.0959497e+03
   3.1124137e+03
   3.1809363e+03
   3.1809489e+03
   3.1809889e+03
   3.1809954e+03
   3.2086879e+03
   3.2086948e+03
   3.2087019e+03
   3.2087139e+03
   3.2359122e+03
   3.2735408e+03
   3.2735527e+03
   3.2735630e+03
   3.2874908e+03
   3.3018895e+03
   3.3019010e+03
   3.3188160e+03
   3.3188274e+03
   3.3191729e+03
   3.3191895e+03
   3.3288080e+03
   3.3364044e+03
   3.3364111e+03
   3.3364203e+03
   3.3517238e+03
   3.3517438e+03
   3.3769408e+03
   3.3771435e+03
   3.3771497e+03
   3.4392762e+03
   3.4392825e+03
   3.4393107e+03
   3.4393183e+03
   3.4393290e+03
   3.4758641e+03
   3.4758707e+03
   3.4897683e+03
   3.5072240e+03
   3.5072300e+03
   3.5072381e+03
   3.5098200e+03
   3.5105258e+03
   3.5110724e+03
   3.5110869e+03
   3.5126495e+03
   3.5126590e+03
   3.5128189e+03
   3.5138847e+03
   3.5138942e+03
   3.5159357e+03
   3.5159755e+03
   3.5163400e+03
   3.5164914e+03
   3.5165114e+03
   3.5175559e+03
   3.5176184e+03
   3.5177319e+03
   3.5178364e+03
   3.5178640e+03
   3.5179314e+03
   3.5179565e+03
   3.5179695e+03
   3.5180549e+03
   3.5180748e+03
   3.5181542e+03
   3.5181672e+03
   3.5181728e+03
   3.5181843e+03
   3.5182317e+03
   3.5182368e+03
   3.5182498e+03
   3.5182694e+03
   3.5182854e+03
   3.5183465e+03
   3.5183560e+03
   3.5183727e+03
   3.5183829e+03
   3.5184006e+03
   3.5185360e+03
   3.5185458e+03
   3.5185524e+03
   3.5185808e+03
   3.5186222e+03
   3.5186441e+03
   3.5186501e+03
   3.5186594e+03
   3.5187601e+03
   3.5187783e+03
   3.5288905e+03
   3.5288983e+03
   3.5298570e+03
   3.5298652e+03
   3.5298738e+03
   3.5299064e+03
   3.5299480e+03
   3.5299587e+03
   3.5299642e+03
   3.5299688e+03
   3.5299743e+03
   3.5300192e+03
   3.5300392e+03
   3.5300464e+03
   3.5300610e+03
   3.5300700e+03
   3.5300778e+03
   3.5300920e+03
   3.5301792e+03
   3.5301878e+03
   3.5302000e+03
   3.5302588e+03
   3.5302712e+03
   3.5302784e+03
   3.5302895e+03
   3.5303068e+03
   3.5303680e+03
   3.5303715e+03
   3.5303798e+03
   3.5303929e+03
   3.5304015e+03
   3.5304318e+03
   3.5305019e+03
   3.5305185e+03
