   2.2538250e+00
   2.6524750e+00
   3.2204750e+00
   3.2623500e+00
   6.2840000e+00
   6.7556750e+00
   6.9733750e+00
   8.2094250e+00
   1.9993600e+01
   2.0046725e+01
   2.0909525e+01
   2.0969750e+01
   2.3340475e+01
   3.3412550e+01
   3.8196550e+01
   4.2412625e+01
   4.2621700e+01
   4.3271775e+01
   4.3387700e+01
   4.3618425e+01
   4.4174975e+01
   4.4324500e+01
   4.4585075e+01
   4.5308600e+01
   4.5937725e+01
   4.8551825e+01
   4.8575175e+01
   4.8676150e+01
   4.8686675e+01
   4.8700200e+01
   4.8848250e+01
   4.8937125e+01
   5.0427800e+01
   5.2204825e+01
   5.9804925e+01
   7.3416975e+01
   7.4453000e+01
   7.9873700e+01
   8.6072275e+01
   8.6835300e+01
   8.6978050e+01
   8.9543575e+01
   8.9558800e+01
   8.9631025e+01
   8.9650750e+01
   8.9656950e+01
   8.9726450e+01
   8.9731975e+01
   8.9744575e+01
   8.9860325e+01
   8.9940425e+01
   9.0320900e+01
   9.0331225e+01
   9.0540050e+01
   9.0889675e+01
   9.1627875e+01
   1.1110735e+02
   1.1155137e+02
   1.1155680e+02
   1.1188470e+02
   1.1195525e+02
   1.1208582e+02
   1.1320467e+02
   1.1404485e+02
   1.1415915e+02
   1.1654762e+02
   1.1687420e+02
   1.1698640e+02
   1.1964243e+02
   1.2524043e+02
   1.2583715e+02
   1.2595600e+02
   1.2918488e+02
   1.3306575e+02
   1.3563215e+02
   1.4279855e+02
   1.4334550e+02
   1.4358575e+02
   1.4434223e+02
   1.4442510e+02
   1.4450362e+02
   1.4469778e+02
   1.4471142e+02
   1.4560425e+02
   1.4560962e+02
   1.4578140e+02
   1.4711515e+02
   1.4742077e+02
   1.5863008e+02
   1.6251562e+02
   1.6253530e+02
   1.6263843e+02
   1.6358382e+02
   1.6366565e+02
   1.6369252e+02
   1.6581825e+02
   1.6907288e+02
   1.7311475e+02
   1.7564620e+02
   1.7604728e+02
   1.7820712e+02
   1.7825575e+02
   1.7976030e+02
   1.8353340e+02
   1.8965258e+02
   1.9110195e+02
   1.9129862e+02
   1.9210383e+02
   1.9212050e+02
   1.9213270e+02
   1.9221697e+02
   1.9241553e+02
   1.9260288e+02
   1.9378498e+02
   1.9411835e+02
   1.9463663e+02
   1.9678203e+02
   1.9687027e+02
   1.9904618e+02
   1.9915205e+02
   2.0283950e+02
   2.0331215e+02
   2.0839425e+02
   2.1260223e+02
   2.1351505e+02
   2.1570835e+02
   2.1592052e+02
   2.1810060e+02
   2.1820335e+02
   2.1827500e+02
   2.1840418e+02
   2.1916637e+02
   2.2155777e+02
   2.2367315e+02
   2.2377392e+02
   2.2580302e+02
   2.2848155e+02
   2.2863082e+02
   2.3091557e+02
   2.3166405e+02
   2.3200480e+02
   2.3208552e+02
   2.3209813e+02
   2.3216942e+02
   2.3223300e+02
   2.3251880e+02
   2.3263700e+02
   2.3311785e+02
   2.3324533e+02
   2.3339398e+02
   2.3386642e+02
   2.3463410e+02
   2.3562242e+02
   2.3582135e+02
   2.3603305e+02
   2.3658380e+02
   2.3737942e+02
   2.4462893e+02
   2.4701560e+02
   2.4722383e+02
   2.4734713e+02
   2.4746072e+02
   2.4932340e+02
   2.4934790e+02
   2.4950130e+02
   2.5127005e+02
   2.5133575e+02
   2.5152568e+02
   2.5159037e+02
   2.5194670e+02
   2.5198153e+02
   2.5219600e+02
   2.5220725e+02
   2.5310333e+02
   2.5361783e+02
   2.5641540e+02
   2.5702680e+02
   2.5883438e+02
   2.6416625e+02
   2.6517122e+02
   2.6527958e+02
   2.6568158e+02
   2.6568500e+02
   2.6577655e+02
   2.6577980e+02
   2.6589087e+02
   2.6683880e+02
   2.6693887e+02
   2.6707752e+02
   2.6716658e+02
   2.6756490e+02
   2.7005383e+02
   2.7045957e+02
   2.7053630e+02
   2.7065655e+02
   2.7095260e+02
   2.8302783e+02
   2.8336097e+02
   2.8652575e+02
   2.8776975e+02
   2.9508197e+02
   3.0139803e+02
   3.0161343e+02
   3.0397598e+02
   3.0398660e+02
   3.0488880e+02
   3.0493475e+02
   3.0759930e+02
   3.0811800e+02
   3.0856920e+02
   3.0875570e+02
   3.1832690e+02
   3.1833415e+02
   3.1843122e+02
   3.1851445e+02
   3.1861358e+02
   3.1920680e+02
   3.2011118e+02
   3.2182743e+02
   3.2198690e+02
   3.2230675e+02
   3.2288120e+02
   3.2358780e+02
   3.3371080e+02
   3.4153055e+02
   3.4162518e+02
   3.4210892e+02
   3.4231828e+02
   3.4263715e+02
   3.4307997e+02
   3.4309065e+02
   3.4650522e+02
   3.4652325e+02
   3.4660478e+02
   3.4671340e+02
   3.4688565e+02
   3.4724780e+02
   3.4967728e+02
   3.6015013e+02
   3.6017197e+02
   3.6035372e+02
   3.6050290e+02
   3.6074655e+02
   3.6079100e+02
   3.6094948e+02
   3.6219460e+02
   3.6262653e+02
   3.6475002e+02
   3.6540610e+02
   3.6598735e+02
   3.6612165e+02
   3.7263150e+02
   3.7469825e+02
   3.8100880e+02
   3.8131665e+02
   3.8221845e+02
   3.8242555e+02
   3.8259035e+02
   3.8267955e+02
   3.8284170e+02
   3.8292535e+02
   3.8550365e+02
   3.8558915e+02
   3.8562020e+02
   3.8562678e+02
   3.8840570e+02
   3.8852580e+02
   3.8888898e+02
   3.9069775e+02
   4.0168855e+02
   4.0175795e+02
   4.0200450e+02
   4.0211885e+02
   4.0238210e+02
   4.0248528e+02
   4.0307538e+02
   4.0359503e+02
   4.0974467e+02
   4.0975575e+02
   4.0978433e+02
   4.0980550e+02
   4.0988527e+02
   4.0995175e+02
   4.1137400e+02
   4.1171700e+02
   4.1618380e+02
   4.1830210e+02
   4.1944178e+02
   4.2615365e+02
   4.2628017e+02
   4.2644112e+02
   4.2675117e+02
   4.2924343e+02
   4.3242962e+02
   4.3965915e+02
   4.4069488e+02
   4.4084360e+02
   4.4092242e+02
   4.4104710e+02
   4.4106910e+02
   4.4119955e+02
   4.4131835e+02
   4.4138412e+02
   4.4152595e+02
   4.4181487e+02
   4.4226502e+02
   4.4307255e+02
   4.4551988e+02
   4.4563675e+02
   4.4941897e+02
   4.5276005e+02
   4.5717270e+02
   4.5897030e+02
   4.5909590e+02
   4.5921253e+02
   4.5931060e+02
   4.5932375e+02
   4.5934125e+02
   4.5991730e+02
   4.6060897e+02
   4.6063513e+02
   4.6110028e+02
   4.6141568e+02
   4.6336178e+02
   4.6415905e+02
   4.6421767e+02
   4.6423415e+02
   4.6451230e+02
   4.8239342e+02
   4.8461473e+02
   4.8488300e+02
   4.8497810e+02
   4.8529085e+02
   4.8601598e+02
   4.8606555e+02
   4.8871225e+02
   4.8884000e+02
   4.8885265e+02
   4.8886465e+02
   4.8886617e+02
   4.8894735e+02
   4.8924665e+02
   4.9101482e+02
   4.9132090e+02
   4.9136608e+02
   4.9296310e+02
   4.9423235e+02
   4.9471283e+02
   4.9566425e+02
   4.9567003e+02
   4.9567683e+02
   4.9655740e+02
   4.9854573e+02
   4.9863400e+02
   4.9915940e+02
   5.0020938e+02
   5.0246697e+02
   5.0520027e+02
   5.1392552e+02
   5.1588712e+02
   5.1635455e+02
   5.1649065e+02
   5.1969985e+02
   5.1981938e+02
   5.2808743e+02
   5.2999392e+02
   5.3021715e+02
   5.3034020e+02
   5.3035335e+02
   5.3041117e+02
   5.3052453e+02
   5.3075295e+02
   5.3249095e+02
   5.3311257e+02
   5.3364770e+02
   5.3387795e+02
   5.3415130e+02
   5.3438212e+02
   5.3496917e+02
   5.3660677e+02
   5.3691680e+02
   5.3692808e+02
   5.3832973e+02
   5.4056455e+02
   5.4304098e+02
   5.5100550e+02
   5.5103465e+02
   5.5117050e+02
   5.5402813e+02
   5.5544925e+02
   5.5601257e+02
   5.5681985e+02
   5.6141740e+02
   5.6203765e+02
   5.7025473e+02
   5.7072873e+02
   5.7426228e+02
   5.7469163e+02
   5.7491257e+02
   5.7530130e+02
   5.7608417e+02
   5.7654458e+02
   5.7829790e+02
   5.7844315e+02
   5.8065673e+02
   5.8860355e+02
   5.9042725e+02
   5.9046265e+02
   5.9047290e+02
   5.9204597e+02
   5.9608777e+02
   5.9908610e+02
   6.1395422e+02
   6.1432287e+02
   6.1562023e+02
   6.2786255e+02
   6.2835050e+02
   6.2849198e+02
   6.2866645e+02
   6.2877157e+02
   6.2894002e+02
   6.2983955e+02
   6.3153557e+02
   6.3304597e+02
   6.3807023e+02
   6.4314790e+02
   6.4338148e+02
   6.4352572e+02
   6.4373140e+02
   6.4396002e+02
   6.5051468e+02
   6.5065680e+02
   6.5076215e+02
   6.5081535e+02
   6.5086317e+02
   6.5087190e+02
   6.5097923e+02
   6.5099407e+02
   6.5108052e+02
   6.5201785e+02
   6.5215170e+02
   6.5525690e+02
   6.5725425e+02
   6.6220857e+02
   6.6526588e+02
   6.6709970e+02
   6.6843998e+02
   6.6847365e+02
   6.6894750e+02
   6.6952638e+02
   6.7946440e+02
   6.8521433e+02
   6.8531718e+02
   6.8544995e+02
   6.8545615e+02
   6.8693663e+02
   6.8747028e+02
   6.8764000e+02
   6.8783213e+02
   6.9144280e+02
   6.9328535e+02
   6.9779615e+02
   6.9887227e+02
   7.0608303e+02
   7.0782765e+02
   7.0787020e+02
   7.0792252e+02
   7.0808502e+02
   7.0849425e+02
   7.0851845e+02
   7.0879780e+02
   7.1111970e+02
   7.1136595e+02
   7.2776585e+02
   7.2843975e+02
   7.2887477e+02
   7.3334987e+02
   7.3341908e+02
   7.3349400e+02
   7.3356753e+02
   7.3367967e+02
   7.3499887e+02
   7.3502940e+02
   7.3514342e+02
   7.3827408e+02
   7.4146293e+02
   7.4958102e+02
   7.4965485e+02
   7.4979062e+02
   7.4979527e+02
   7.4982452e+02
   7.4990895e+02
   7.5002695e+02
   7.5084198e+02
   7.5110545e+02
   7.5251415e+02
   7.5285788e+02
   7.5598125e+02
   7.5598965e+02
   7.5625995e+02
   7.6523828e+02
   7.6544433e+02
   7.6575125e+02
   7.6578170e+02
   7.6579853e+02
   7.6766430e+02
   7.7207870e+02
   7.7679575e+02
   7.8150925e+02
   7.8690515e+02
   7.8844933e+02
   7.9048888e+02
   7.9056255e+02
   7.9070298e+02
   7.9112108e+02
   7.9151932e+02
   7.9202070e+02
   7.9439088e+02
   8.0333402e+02
   8.0335068e+02
   8.0335965e+02
   8.0603607e+02
   8.1474915e+02
   8.1478683e+02
   8.3859480e+02
   8.3872995e+02
   8.3883115e+02
   8.4021930e+02
   8.4032130e+02
   8.4032888e+02
   8.4531753e+02
   8.4554995e+02
   8.4558997e+02
   8.4572460e+02
   8.4572622e+02
   8.4579302e+02
   8.4626347e+02
   8.4651335e+02
   8.4716863e+02
   8.5002143e+02
   8.5963675e+02
   8.6292310e+02
   8.6326508e+02
   8.6331213e+02
   8.6343035e+02
   8.6356573e+02
   8.6373960e+02
   8.6420142e+02
   8.6471533e+02
   8.7071988e+02
   8.7236430e+02
   8.7611587e+02
   8.7622772e+02
   8.7635307e+02
   8.7640505e+02
   8.7697080e+02
   8.7746875e+02
   8.7775545e+02
   8.7812720e+02
   8.7923080e+02
   8.7924203e+02
   8.7949532e+02
   8.8199525e+02
   8.8221810e+02
   8.8518197e+02
   8.8540685e+02
   8.8551998e+02
   8.8563150e+02
   8.8602605e+02
   8.8605308e+02
   8.8615397e+02
   8.8642567e+02
   8.8792647e+02
   8.9173735e+02
   8.9175598e+02
   8.9264235e+02
   9.0107125e+02
   9.0267175e+02
   9.0269240e+02
   9.0274490e+02
   9.0321775e+02
   9.0377423e+02
   9.0436500e+02
   9.0446807e+02
   9.0481075e+02
   9.0676368e+02
   9.0766555e+02
   9.1452840e+02
   9.2336415e+02
   9.2405422e+02
   9.2411412e+02
   9.2419720e+02
   9.2423000e+02
   9.2532460e+02
   9.2576537e+02
   9.2595100e+02
   9.2630678e+02
   9.2938042e+02
   9.2951337e+02
   9.2975630e+02
   9.2984878e+02
   9.2987980e+02
   9.3010722e+02
   9.3013620e+02
   9.3034370e+02
   9.3056025e+02
   9.3155808e+02
   9.3156370e+02
   9.3228093e+02
   9.3253982e+02
   9.3447000e+02
   9.3448198e+02
   9.3529255e+02
   9.3717955e+02
   9.3751022e+02
   9.4157210e+02
   9.4209558e+02
   9.4244705e+02
   9.4305062e+02
   9.4510130e+02
   9.4673328e+02
   9.4801285e+02
   9.5412907e+02
   9.5779025e+02
   9.5902757e+02
   9.5904943e+02
   9.5914990e+02
   9.5923025e+02
   9.5925318e+02
   9.5938558e+02
   9.5950380e+02
   9.6017940e+02
   9.6462175e+02
   9.6465630e+02
   9.6466522e+02
   9.6496195e+02
   9.6515815e+02
   9.7390218e+02
   9.7508620e+02
   9.7818003e+02
   9.8184765e+02
   9.8196515e+02
   9.8203782e+02
   9.8204522e+02
   9.8215825e+02
   9.8216612e+02
   9.8218055e+02
   9.8224055e+02
   9.8227195e+02
   9.8250960e+02
   9.8321900e+02
   9.8366415e+02
   9.8369065e+02
   9.8467195e+02
   9.8480107e+02
   9.9373485e+02
   9.9810523e+02
   9.9925065e+02
   9.9927593e+02
   1.0032662e+03
   1.0065928e+03
   1.0069905e+03
   1.0222431e+03
   1.0225567e+03
   1.0226719e+03
   1.0230106e+03
   1.0239788e+03
   1.0252140e+03
   1.0258894e+03
   1.0285604e+03
   1.0286526e+03
   1.0293791e+03
   1.0294616e+03
   1.0314260e+03
   1.0338677e+03
   1.0338990e+03
   1.0339532e+03
   1.0340611e+03
   1.0342237e+03
   1.0343767e+03
   1.0344261e+03
   1.0346092e+03
   1.0350989e+03
   1.0352958e+03
   1.0355542e+03
   1.0359188e+03
   1.0359442e+03
   1.0367082e+03
   1.0368403e+03
   1.0373391e+03
   1.0373880e+03
   1.0379870e+03
   1.0403501e+03
   1.0420834e+03
   1.0447412e+03
   1.0478418e+03
   1.0599555e+03
   1.0633262e+03
   1.0648410e+03
   1.0648685e+03
   1.0649301e+03
   1.0665146e+03
   1.0666287e+03
   1.0759233e+03
   1.0798010e+03
   1.0809045e+03
   1.0813393e+03
   1.0827487e+03
   1.0868483e+03
   1.0870259e+03
   1.0871317e+03
   1.0871599e+03
   1.0871867e+03
   1.0874467e+03
   1.0876580e+03
   1.0879452e+03
   1.0882359e+03
   1.0895721e+03
   1.0983891e+03
   1.0984928e+03
   1.1002787e+03
   1.1060654e+03
   1.1139199e+03
   1.1146939e+03
   1.1161476e+03
   1.1161699e+03
   1.1161960e+03
   1.1164380e+03
   1.1218947e+03
   1.1279410e+03
   1.1283922e+03
   1.1342076e+03
   1.1347323e+03
   1.1361771e+03
   1.1362834e+03
   1.1364318e+03
   1.1365194e+03
   1.1365586e+03
   1.1365818e+03
   1.1373927e+03
   1.1379041e+03
   1.1399223e+03
   1.1399903e+03
   1.1407858e+03
   1.1408061e+03
   1.1420112e+03
   1.1420567e+03
   1.1421509e+03
   1.1423931e+03
   1.1425483e+03
   1.1429389e+03
   1.1430963e+03
   1.1433380e+03
   1.1437967e+03
   1.1446414e+03
   1.1456999e+03
   1.1470685e+03
   1.1482026e+03
   1.1569966e+03
   1.1581984e+03
   1.1583399e+03
   1.1584764e+03
   1.1591059e+03
   1.1597477e+03
   1.1646714e+03
   1.1653058e+03
   1.1685790e+03
   1.1726559e+03
   1.1729721e+03
   1.1758971e+03
   1.1759393e+03
   1.1778101e+03
   1.1799513e+03
   1.1807715e+03
   1.1819954e+03
   1.1821610e+03
   1.1821808e+03
   1.1854316e+03
   1.1855053e+03
   1.1861637e+03
   1.1870266e+03
   1.1872506e+03
   1.1884015e+03
   1.1885296e+03
   1.1955582e+03
   1.1961133e+03
   1.1967751e+03
   1.1968459e+03
   1.1980161e+03
   1.1980822e+03
   1.1981141e+03
   1.1981373e+03
   1.1985136e+03
   1.1985843e+03
   1.1988393e+03
   1.1997005e+03
   1.1997184e+03
   1.1997353e+03
   1.1998773e+03
   1.2055911e+03
   1.2058785e+03
   1.2184540e+03
   1.2184706e+03
   1.2186741e+03
   1.2189747e+03
   1.2191651e+03
   1.2191891e+03
   1.2193084e+03
   1.2195814e+03
   1.2202382e+03
   1.2206814e+03
   1.2207435e+03
   1.2222089e+03
   1.2255174e+03
   1.2255359e+03
   1.2255442e+03
   1.2255764e+03
   1.2255886e+03
   1.2257556e+03
   1.2258002e+03
   1.2260479e+03
   1.2263968e+03
   1.2286381e+03
   1.2293033e+03
   1.2313784e+03
   1.2315733e+03
   1.2322192e+03
   1.2329654e+03
   1.2348413e+03
   1.2359732e+03
   1.2362795e+03
   1.2367749e+03
   1.2438726e+03
   1.2439341e+03
   1.2439774e+03
   1.2466624e+03
   1.2466843e+03
   1.2467803e+03
   1.2468045e+03
   1.2483000e+03
   1.2506940e+03
   1.2526505e+03
   1.2528747e+03
   1.2547257e+03
   1.2562218e+03
   1.2620385e+03
   1.2621553e+03
   1.2623474e+03
   1.2623604e+03
   1.2623965e+03
   1.2625898e+03
   1.2629570e+03
   1.2629971e+03
   1.2630885e+03
   1.2634223e+03
   1.2651371e+03
   1.2652752e+03
   1.2693702e+03
   1.2717976e+03
   1.2719065e+03
   1.2723781e+03
   1.2735344e+03
   1.2745929e+03
   1.2760469e+03
   1.2760537e+03
   1.2762643e+03
   1.2774639e+03
   1.2787920e+03
   1.2788097e+03
   1.2789053e+03
   1.2789297e+03
   1.2789752e+03
   1.2790398e+03
   1.2790573e+03
   1.2790906e+03
   1.2799332e+03
   1.2817861e+03
   1.2837316e+03
   1.2838433e+03
   1.2849811e+03
   1.2857735e+03
   1.2858637e+03
   1.2859562e+03
   1.2872029e+03
   1.2879105e+03
   1.2919471e+03
   1.2980826e+03
   1.3012316e+03
   1.3016575e+03
   1.3018809e+03
   1.3019721e+03
   1.3020087e+03
   1.3023540e+03
   1.3024989e+03
   1.3043143e+03
   1.3056383e+03
   1.3056576e+03
   1.3060042e+03
   1.3060146e+03
   1.3068013e+03
   1.3076305e+03
   1.3088182e+03
   1.3088285e+03
   1.3088583e+03
   1.3088807e+03
   1.3089249e+03
   1.3089781e+03
   1.3091913e+03
   1.3093409e+03
   1.3094355e+03
   1.3094501e+03
   1.3096617e+03
   1.3096778e+03
   1.3103061e+03
   1.3114399e+03
   1.3114918e+03
   1.3133462e+03
   1.3146962e+03
   1.3153939e+03
   1.3160596e+03
   1.3165878e+03
   1.3183383e+03
   1.3194434e+03
   1.3253223e+03
   1.3256244e+03
   1.3257478e+03
   1.3257590e+03
   1.3259404e+03
   1.3260434e+03
   1.3264808e+03
   1.3271003e+03
   1.3272279e+03
   1.3272982e+03
   1.3277952e+03
   1.3287405e+03
   1.3300705e+03
   1.3301824e+03
   1.3309944e+03
   1.3309966e+03
   1.3320425e+03
   1.3332499e+03
   1.3396502e+03
   1.3406925e+03
   1.3430277e+03
   1.3450600e+03
   1.3468618e+03
   1.3468812e+03
   1.3469073e+03
   1.3469855e+03
   1.3470018e+03
   1.3470105e+03
   1.3471195e+03
   1.3472799e+03
   1.3473659e+03
   1.3477730e+03
   1.3482963e+03
   1.3486197e+03
   1.3486744e+03
   1.3486998e+03
   1.3489179e+03
   1.3491004e+03
   1.3491174e+03
   1.3491297e+03
   1.3515220e+03
   1.3526428e+03
   1.3538274e+03
   1.3561470e+03
   1.3592278e+03
   1.3602975e+03
   1.3603038e+03
   1.3632797e+03
   1.3646009e+03
   1.3686585e+03
   1.3687623e+03
   1.3688710e+03
   1.3690700e+03
   1.3705392e+03
   1.3711621e+03
   1.3712136e+03
   1.3712655e+03
   1.3713015e+03
   1.3715250e+03
   1.3715378e+03
   1.3722007e+03
   1.3723127e+03
   1.3723396e+03
   1.3728122e+03
   1.3746657e+03
   1.3754598e+03
   1.3766091e+03
   1.3770656e+03
   1.3770977e+03
   1.3771996e+03
   1.3787339e+03
   1.3787426e+03
   1.3793318e+03
   1.3818758e+03
   1.3823843e+03
   1.3869944e+03
   1.3889727e+03
   1.3925010e+03
   1.3927093e+03
   1.3927597e+03
   1.3929318e+03
   1.3932481e+03
   1.3955760e+03
   1.3956546e+03
   1.3956813e+03
   1.3961378e+03
   1.3965984e+03
   1.3981724e+03
   1.3990486e+03
   1.4012765e+03
   1.4050442e+03
   1.4055522e+03
   1.4055997e+03
   1.4056023e+03
   1.4060848e+03
   1.4063834e+03
   1.4081651e+03
   1.4102150e+03
   1.4103948e+03
   1.4114259e+03
   1.4118607e+03
   1.4121375e+03
   1.4121588e+03
   1.4129526e+03
   1.4133042e+03
   1.4133229e+03
   1.4135808e+03
   1.4150407e+03
   1.4154288e+03
   1.4154423e+03
   1.4154469e+03
   1.4198514e+03
   1.4247472e+03
   1.4274697e+03
   1.4278858e+03
   1.4322243e+03
   1.4322456e+03
   1.4356059e+03
   1.4372243e+03
   1.4390997e+03
   1.4408548e+03
   1.4409615e+03
   1.4446957e+03
   1.4448567e+03
   1.4448840e+03
   1.4453274e+03
   1.4456210e+03
   1.4468491e+03
   1.4468574e+03
   1.4478781e+03
   1.4479449e+03
   1.4481762e+03
   1.4511934e+03
   1.4517290e+03
   1.4543301e+03
   1.4578422e+03
   1.4580715e+03
   1.4598756e+03
   1.4618557e+03
   1.4660541e+03
   1.4684835e+03
   1.4684965e+03
   1.4689744e+03
   1.4691174e+03
   1.4709300e+03
   1.4709418e+03
   1.4721710e+03
   1.4722287e+03
   1.4723664e+03
   1.4754058e+03
   1.4764168e+03
   1.4764789e+03
   1.4767041e+03
   1.4776525e+03
   1.4777996e+03
   1.4820138e+03
   1.4832619e+03
   1.4857879e+03
   1.4905001e+03
   1.4905149e+03
   1.4905186e+03
   1.4914649e+03
   1.4923634e+03
   1.4951979e+03
   1.4953673e+03
   1.4963016e+03
   1.4963300e+03
   1.4963746e+03
   1.4965040e+03
   1.4965964e+03
   1.4968932e+03
   1.4969370e+03
   1.4971735e+03
   1.4972102e+03
   1.4976939e+03
   1.4981995e+03
   1.4982938e+03
   1.4995920e+03
   1.5033825e+03
   1.5034362e+03
   1.5036054e+03
   1.5036906e+03
   1.5038087e+03
   1.5039200e+03
   1.5039930e+03
   1.5040141e+03
   1.5067838e+03
   1.5079991e+03
   1.5090087e+03
   1.5091791e+03
   1.5102540e+03
   1.5105734e+03
   1.5105882e+03
   1.5105959e+03
   1.5138458e+03
   1.5141119e+03
   1.5141530e+03
   1.5144744e+03
   1.5146691e+03
   1.5146973e+03
   1.5147130e+03
   1.5149089e+03
   1.5152851e+03
   1.5165633e+03
   1.5172513e+03
   1.5182492e+03
   1.5188634e+03
   1.5192426e+03
   1.5195620e+03
   1.5195913e+03
   1.5196092e+03
   1.5198166e+03
   1.5200146e+03
   1.5200811e+03
   1.5202591e+03
   1.5208544e+03
   1.5214980e+03
   1.5222977e+03
   1.5228619e+03
   1.5248439e+03
   1.5253100e+03
   1.5284180e+03
   1.5285899e+03
   1.5296767e+03
   1.5307783e+03
   1.5315871e+03
   1.5316739e+03
   1.5320373e+03
   1.5329558e+03
   1.5407729e+03
   1.5416433e+03
   1.5416531e+03
   1.5416622e+03
   1.5417306e+03
   1.5418846e+03
   1.5420220e+03
   1.5421082e+03
   1.5423068e+03
   1.5430971e+03
   1.5437459e+03
   1.5447990e+03
   1.5455868e+03
   1.5465881e+03
   1.5473428e+03
   1.5473965e+03
   1.5556062e+03
   1.5565635e+03
   1.5577149e+03
   1.5579120e+03
   1.5622839e+03
   1.5642428e+03
   1.5645503e+03
   1.5655288e+03
   1.5655461e+03
   1.5689807e+03
   1.5692134e+03
   1.5693599e+03
   1.5695937e+03
   1.5739420e+03
   1.5755663e+03
   1.5814787e+03
   1.5832693e+03
   1.5876052e+03
   1.5878275e+03
   1.5878348e+03
   1.5886998e+03
   1.5907370e+03
   1.5911312e+03
   1.5943644e+03
   1.5948640e+03
   1.5955078e+03
   1.5962626e+03
   1.5983697e+03
   1.5990638e+03
   1.5997866e+03
   1.5999240e+03
   1.6011028e+03
   1.6012761e+03
   1.6028603e+03
   1.6031989e+03
   1.6127484e+03
   1.6137355e+03
   1.6139536e+03
   1.6141034e+03
   1.6146424e+03
   1.6187514e+03
   1.6204084e+03
   1.6204307e+03
   1.6204575e+03
   1.6204736e+03
   1.6205374e+03
   1.6206761e+03
   1.6206842e+03
   1.6208057e+03
   1.6208570e+03
   1.6209883e+03
   1.6219834e+03
   1.6225332e+03
   1.6240646e+03
   1.6249266e+03
   1.6253562e+03
   1.6253643e+03
   1.6262115e+03
   1.6267450e+03
   1.6267544e+03
   1.6267623e+03
   1.6312664e+03
   1.6317137e+03
   1.6317159e+03
   1.6351889e+03
   1.6358960e+03
   1.6378642e+03
   1.6381116e+03
   1.6409872e+03
   1.6477413e+03
   1.6486708e+03
   1.6508772e+03
   1.6513325e+03
   1.6527899e+03
   1.6536211e+03
   1.6539274e+03
   1.6539727e+03
   1.6540663e+03
   1.6542231e+03
   1.6557738e+03
   1.6558399e+03
   1.6571228e+03
   1.6576537e+03
   1.6582816e+03
   1.6601563e+03
   1.6608979e+03
   1.6636933e+03
   1.6645759e+03
   1.6671058e+03
   1.6671163e+03
   1.6671870e+03
   1.6673935e+03
   1.6674069e+03
   1.6674341e+03
   1.6679302e+03
   1.6680632e+03
   1.6680953e+03
   1.6686239e+03
   1.6686536e+03
   1.6690520e+03
   1.6690604e+03
   1.6697852e+03
   1.6699161e+03
   1.6719314e+03
   1.6719447e+03
   1.6726903e+03
   1.6794062e+03
   1.6815204e+03
   1.6821901e+03
   1.6828528e+03
   1.6862181e+03
   1.6863718e+03
   1.6865275e+03
   1.6866394e+03
   1.6867475e+03
   1.6867601e+03
   1.6868602e+03
   1.6888273e+03
   1.6916237e+03
   1.6936012e+03
   1.6936645e+03
   1.6937793e+03
   1.6978209e+03
   1.6980673e+03
   1.6991605e+03
   1.6998441e+03
   1.7001177e+03
   1.7007598e+03
   1.7088777e+03
   1.7102749e+03
   1.7109665e+03
   1.7119799e+03
   1.7119959e+03
   1.7120137e+03
   1.7120776e+03
   1.7122203e+03
   1.7122457e+03
   1.7126687e+03
   1.7126866e+03
   1.7133124e+03
   1.7159611e+03
   1.7171126e+03
   1.7173716e+03
   1.7174625e+03
   1.7174774e+03
   1.7175646e+03
   1.7178600e+03
   1.7180536e+03
   1.7181988e+03
   1.7182110e+03
   1.7183207e+03
   1.7183915e+03
   1.7186995e+03
   1.7208944e+03
   1.7210077e+03
   1.7226428e+03
   1.7228939e+03
   1.7231926e+03
   1.7250489e+03
   1.7279702e+03
   1.7284750e+03
   1.7287707e+03
   1.7308585e+03
   1.7311324e+03
   1.7344866e+03
   1.7345880e+03
   1.7346379e+03
   1.7348681e+03
   1.7348793e+03
   1.7351045e+03
   1.7351226e+03
   1.7351394e+03
   1.7353547e+03
   1.7354036e+03
   1.7359430e+03
   1.7363314e+03
   1.7380540e+03
   1.7390456e+03
   1.7420291e+03
   1.7420344e+03
   1.7421080e+03
   1.7421323e+03
   1.7428290e+03
   1.7428482e+03
   1.7429467e+03
   1.7430046e+03
   1.7439679e+03
   1.7440530e+03
   1.7476008e+03
   1.7498748e+03
   1.7515208e+03
   1.7515350e+03
   1.7517379e+03
   1.7517638e+03
   1.7518670e+03
   1.7519645e+03
   1.7520679e+03
   1.7520908e+03
   1.7521558e+03
   1.7524151e+03
   1.7525293e+03
   1.7538903e+03
   1.7538975e+03
   1.7539050e+03
   1.7547080e+03
   1.7547488e+03
   1.7557617e+03
   1.7561534e+03
   1.7588129e+03
   1.7588195e+03
   1.7594272e+03
   1.7649902e+03
   1.7651308e+03
   1.7651648e+03
   1.7672544e+03
   1.7719600e+03
   1.7724278e+03
   1.7739507e+03
   1.7739577e+03
   1.7739659e+03
   1.7740500e+03
   1.7746155e+03
   1.7746225e+03
   1.7778933e+03
   1.7781494e+03
   1.7782440e+03
   1.7818502e+03
   1.7845790e+03
   1.7932924e+03
   1.7941809e+03
   1.7960503e+03
   1.7974182e+03
   1.7996578e+03
   1.7997597e+03
   1.7998986e+03
   1.8001622e+03
   1.8011301e+03
   1.8015470e+03
   1.8047515e+03
   1.8053755e+03
   1.8054786e+03
   1.8089793e+03
   1.8109555e+03
   1.8112923e+03
   1.8128369e+03
   1.8146253e+03
   1.8163823e+03
   1.8179431e+03
   1.8180809e+03
   1.8182663e+03
   1.8192404e+03
   1.8192792e+03
   1.8193052e+03
   1.8193321e+03
   1.8195742e+03
   1.8197575e+03
   1.8198730e+03
   1.8199053e+03
   1.8199721e+03
   1.8204482e+03
   1.8204589e+03
   1.8205254e+03
   1.8208589e+03
   1.8208970e+03
   1.8209463e+03
   1.8241725e+03
   1.8249771e+03
   1.8322784e+03
   1.8405461e+03
   1.8411031e+03
   1.8411860e+03
   1.8412547e+03
   1.8416748e+03
   1.8421344e+03
   1.8424557e+03
   1.8462976e+03
   1.8477632e+03
   1.8477782e+03
   1.8528330e+03
   1.8545567e+03
   1.8570020e+03
   1.8579899e+03
   1.8579991e+03
   1.8580063e+03
   1.8587540e+03
   1.8589223e+03
   1.8611056e+03
   1.8612236e+03
   1.8648138e+03
   1.8650266e+03
   1.8657566e+03
   1.8676232e+03
   1.8687663e+03
   1.8688106e+03
   1.8694255e+03
   1.8704776e+03
   1.8706391e+03
   1.8706919e+03
   1.8711405e+03
   1.8714212e+03
   1.8720204e+03
   1.8736251e+03
   1.8749898e+03
   1.8759245e+03
   1.8846459e+03
   1.8868309e+03
   1.8907109e+03
   1.8908332e+03
   1.8909310e+03
   1.8911372e+03
   1.8911527e+03
   1.8912131e+03
   1.8912237e+03
   1.8913072e+03
   1.8913272e+03
   1.8916422e+03
   1.8917060e+03
   1.8918278e+03
   1.8918356e+03
   1.8920347e+03
   1.8921918e+03
   1.8925681e+03
   1.8925787e+03
   1.8928236e+03
   1.8931735e+03
   1.8932298e+03
   1.8933407e+03
   1.8936929e+03
   1.8943222e+03
   1.8954698e+03
   1.8965730e+03
   1.8992351e+03
   1.8998597e+03
   1.8998786e+03
   1.8998998e+03
   1.8999160e+03
   1.8999628e+03
   1.8999796e+03
   1.9000260e+03
   1.9001366e+03
   1.9002797e+03
   1.9004138e+03
   1.9010607e+03
   1.9010988e+03
   1.9014779e+03
   1.9017868e+03
   1.9041154e+03
   1.9044693e+03
   1.9056184e+03
   1.9056250e+03
   1.9056465e+03
   1.9062251e+03
   1.9092461e+03
   1.9099487e+03
   1.9100854e+03
   1.9112553e+03
   1.9113759e+03
   1.9114860e+03
   1.9130715e+03
   1.9137348e+03
   1.9139996e+03
   1.9151655e+03
   1.9166785e+03
   1.9267848e+03
   1.9269006e+03
   1.9269233e+03
   1.9271619e+03
   1.9273232e+03
   1.9278141e+03
   1.9283108e+03
   1.9283972e+03
   1.9310647e+03
   1.9317488e+03
   1.9317831e+03
   1.9317957e+03
   1.9331096e+03
   1.9333122e+03
   1.9333163e+03
   1.9349982e+03
   1.9354318e+03
   1.9462808e+03
   1.9465853e+03
   1.9465995e+03
   1.9467217e+03
   1.9468512e+03
   1.9468773e+03
   1.9534345e+03
   1.9548150e+03
   1.9551863e+03
   1.9551998e+03
   1.9559724e+03
   1.9564733e+03
   1.9574061e+03
   1.9576688e+03
   1.9629057e+03
   1.9656671e+03
   1.9657040e+03
   1.9657703e+03
   1.9658062e+03
   1.9660060e+03
   1.9661380e+03
   1.9665828e+03
   1.9667931e+03
   1.9671379e+03
   1.9671472e+03
   1.9673186e+03
   1.9677618e+03
   1.9677713e+03
   1.9681636e+03
   1.9689285e+03
   1.9696364e+03
   1.9696963e+03
   1.9697084e+03
   1.9709474e+03
   1.9712662e+03
   1.9712960e+03
   1.9713082e+03
   1.9714892e+03
   1.9714969e+03
   1.9727286e+03
   1.9731825e+03
   1.9755576e+03
   1.9760715e+03
   1.9762407e+03
   1.9767570e+03
   1.9768286e+03
   1.9787785e+03
   1.9822347e+03
   1.9825050e+03
   1.9825339e+03
   1.9894255e+03
   1.9907516e+03
   1.9908708e+03
   1.9955169e+03
   1.9955788e+03
   1.9955864e+03
   1.9958338e+03
   1.9959604e+03
   1.9960416e+03
   1.9961094e+03
   1.9961774e+03
   1.9963238e+03
   1.9965628e+03
   1.9966879e+03
   1.9970702e+03
   1.9974226e+03
   1.9978184e+03
   1.9982543e+03
   1.9998922e+03
   2.0005179e+03
   2.0018802e+03
   2.0024540e+03
   2.0026183e+03
   2.0049105e+03
   2.0049465e+03
   2.0049821e+03
   2.0054913e+03
   2.0076379e+03
   2.0116372e+03
   2.0178606e+03
   2.0188219e+03
   2.0189424e+03
   2.0190633e+03
   2.0199541e+03
   2.0201948e+03
   2.0292989e+03
   2.0303187e+03
   2.0311375e+03
   2.0320356e+03
   2.0363347e+03
   2.0391465e+03
   2.0402089e+03
   2.0407525e+03
   2.0409422e+03
   2.0437716e+03
   2.0438442e+03
   2.0471028e+03
   2.0487317e+03
   2.0489960e+03
   2.0510109e+03
   2.0510232e+03
   2.0548126e+03
   2.0582766e+03
   2.0583791e+03
   2.0584543e+03
   2.0588230e+03
   2.0590212e+03
   2.0590354e+03
   2.0590783e+03
   2.0594713e+03
   2.0601517e+03
   2.0608139e+03
   2.0608380e+03
   2.0635984e+03
   2.0645674e+03
   2.0651149e+03
   2.0654931e+03
   2.0688612e+03
   2.0751649e+03
   2.0777789e+03
   2.0778415e+03
   2.0778717e+03
   2.0779490e+03
   2.0789070e+03
   2.0789142e+03
   2.0808946e+03
   2.0848668e+03
   2.0849179e+03
   2.0849267e+03
   2.0850033e+03
   2.0850653e+03
   2.0851638e+03
   2.0857007e+03
   2.0868196e+03
   2.0869755e+03
   2.0870595e+03
   2.0881493e+03
   2.0886287e+03
   2.0898022e+03
   2.0927970e+03
   2.0928446e+03
   2.0929878e+03
   2.0930346e+03
   2.0945444e+03
   2.0955480e+03
   2.0979122e+03
   2.0979913e+03
   2.0996372e+03
   2.1029464e+03
   2.1031512e+03
   2.1033713e+03
   2.1035999e+03
   2.1051977e+03
   2.1052097e+03
   2.1052172e+03
   2.1052655e+03
   2.1078033e+03
   2.1084351e+03
   2.1084626e+03
   2.1091847e+03
   2.1094108e+03
   2.1094186e+03
   2.1094270e+03
   2.1133835e+03
   2.1135423e+03
   2.1153413e+03
   2.1170253e+03
   2.1177780e+03
   2.1198847e+03
   2.1213506e+03
   2.1218816e+03
   2.1227398e+03
   2.1236485e+03
   2.1239827e+03
   2.1243353e+03
   2.1262327e+03
   2.1269356e+03
   2.1289500e+03
   2.1291666e+03
   2.1343857e+03
   2.1390915e+03
   2.1396494e+03
   2.1402598e+03
   2.1412524e+03
   2.1414841e+03
   2.1450185e+03
   2.1455723e+03
   2.1456581e+03
   2.1457613e+03
   2.1459147e+03
   2.1462665e+03
   2.1463236e+03
   2.1463374e+03
   2.1463776e+03
   2.1466134e+03
   2.1469730e+03
   2.1478475e+03
   2.1478922e+03
   2.1482231e+03
   2.1483831e+03
   2.1490232e+03
   2.1498160e+03
   2.1503979e+03
   2.1505883e+03
   2.1508685e+03
   2.1511172e+03
   2.1516595e+03
   2.1516949e+03
   2.1521359e+03
   2.1529960e+03
   2.1542047e+03
   2.1552452e+03
   2.1552958e+03
   2.1612281e+03
   2.1612774e+03
   2.1666296e+03
   2.1686556e+03
   2.1686680e+03
   2.1687674e+03
   2.1687771e+03
   2.1687933e+03
   2.1691160e+03
   2.1691343e+03
   2.1692570e+03
   2.1694662e+03
   2.1694818e+03
   2.1696123e+03
   2.1696346e+03
   2.1696781e+03
   2.1698953e+03
   2.1704282e+03
   2.1707544e+03
   2.1712021e+03
   2.1712562e+03
   2.1714916e+03
   2.1715337e+03
   2.1719392e+03
   2.1735699e+03
   2.1738133e+03
   2.1738873e+03
   2.1739542e+03
   2.1740823e+03
   2.1742333e+03
   2.1743226e+03
   2.1748220e+03
   2.1748385e+03
   2.1758373e+03
   2.1804719e+03
   2.1819331e+03
   2.1828578e+03
   2.1839259e+03
   2.1849455e+03
   2.1853252e+03
   2.1887823e+03
   2.1928102e+03
   2.1965111e+03
   2.1979954e+03
   2.1983403e+03
   2.1984467e+03
   2.1986663e+03
   2.1989031e+03
   2.1992169e+03
   2.1993041e+03
   2.1997798e+03
   2.2001096e+03
   2.2004059e+03
   2.2005409e+03
   2.2005909e+03
   2.2007011e+03
   2.2007064e+03
   2.2007281e+03
   2.2028381e+03
   2.2033324e+03
   2.2035357e+03
   2.2038754e+03
   2.2042025e+03
   2.2042099e+03
   2.2045364e+03
   2.2052182e+03
   2.2074071e+03
   2.2077891e+03
   2.2096955e+03
   2.2134027e+03
   2.2177366e+03
   2.2194903e+03
   2.2201858e+03
   2.2222871e+03
   2.2247622e+03
   2.2249853e+03
   2.2319668e+03
   2.2320894e+03
   2.2321961e+03
   2.2322258e+03
   2.2323605e+03
   2.2324495e+03
   2.2324550e+03
   2.2324839e+03
   2.2329749e+03
   2.2368358e+03
   2.2373443e+03
   2.2375675e+03
   2.2388355e+03
   2.2405242e+03
   2.2462851e+03
   2.2484994e+03
   2.2510617e+03
   2.2514407e+03
   2.2519703e+03
   2.2565557e+03
   2.2583553e+03
   2.2584411e+03
   2.2586245e+03
   2.2593405e+03
   2.2600124e+03
   2.2603405e+03
   2.2604015e+03
   2.2605577e+03
   2.2606543e+03
   2.2615120e+03
   2.2616331e+03
   2.2617801e+03
   2.2617990e+03
   2.2619201e+03
   2.2647746e+03
   2.2654282e+03
   2.2655401e+03
   2.2661285e+03
   2.2787233e+03
   2.2831480e+03
   2.2844460e+03
   2.2845691e+03
   2.2848139e+03
   2.2863108e+03
   2.2884168e+03
   2.2890869e+03
   2.2909077e+03
   2.2909178e+03
   2.2912038e+03
   2.2915172e+03
   2.2915345e+03
   2.2917049e+03
   2.2919863e+03
   2.2925478e+03
   2.2935122e+03
   2.2935582e+03
   2.2980838e+03
   2.2981603e+03
   2.2982360e+03
   2.2991530e+03
   2.3000174e+03
   2.3016433e+03
   2.3017009e+03
   2.3032658e+03
   2.3041179e+03
   2.3068540e+03
   2.3069320e+03
   2.3070374e+03
   2.3072570e+03
   2.3073594e+03
   2.3080968e+03
   2.3083228e+03
   2.3086296e+03
   2.3093452e+03
   2.3097224e+03
   2.3100021e+03
   2.3100264e+03
   2.3103039e+03
   2.3103856e+03
   2.3104735e+03
   2.3107541e+03
   2.3110682e+03
   2.3112622e+03
   2.3142769e+03
   2.3199780e+03
   2.3200182e+03
   2.3257874e+03
   2.3307921e+03
   2.3309460e+03
   2.3322845e+03
   2.3324373e+03
   2.3325459e+03
   2.3325583e+03
   2.3325782e+03
   2.3326737e+03
   2.3327445e+03
   2.3329548e+03
   2.3329589e+03
   2.3332200e+03
   2.3333649e+03
   2.3335149e+03
   2.3339919e+03
   2.3362631e+03
   2.3365205e+03
   2.3369794e+03
   2.3391988e+03
   2.3410810e+03
   2.3424350e+03
   2.3465361e+03
   2.3473266e+03
   2.3473515e+03
   2.3474144e+03
   2.3474639e+03
   2.3474711e+03
   2.3475838e+03
   2.3477533e+03
   2.3479193e+03
   2.3480447e+03
   2.3487565e+03
   2.3495669e+03
   2.3504477e+03
   2.3513298e+03
   2.3589356e+03
   2.3611323e+03
   2.3613761e+03
   2.3651777e+03
   2.3652746e+03
   2.3657230e+03
   2.3664011e+03
   2.3665182e+03
   2.3684470e+03
   2.3687027e+03
   2.3692623e+03
   2.3713607e+03
   2.3714444e+03
   2.3716593e+03
   2.3716816e+03
   2.3717047e+03
   2.3742339e+03
   2.3745263e+03
   2.3776805e+03
   2.3850444e+03
   2.3851242e+03
   2.3853315e+03
   2.3853533e+03
   2.3854202e+03
   2.3854351e+03
   2.3854479e+03
   2.3856374e+03
   2.3860128e+03
   2.3870398e+03
   2.3889158e+03
   2.3898232e+03
   2.3899695e+03
   2.3914679e+03
   2.3933118e+03
   2.3934403e+03
   2.3946451e+03
   2.3947133e+03
   2.3947332e+03
   2.3952138e+03
   2.3967702e+03
   2.3998741e+03
   2.4021213e+03
   2.4024223e+03
   2.4027399e+03
   2.4043144e+03
   2.4043578e+03
   2.4053558e+03
   2.4084033e+03
   2.4103875e+03
   2.4106268e+03
   2.4106986e+03
   2.4107119e+03
   2.4107225e+03
   2.4114637e+03
   2.4114693e+03
   2.4119572e+03
   2.4123480e+03
   2.4128073e+03
   2.4143176e+03
   2.4151204e+03
   2.4151444e+03
   2.4155827e+03
   2.4170075e+03
   2.4170169e+03
   2.4176553e+03
   2.4178023e+03
   2.4180366e+03
   2.4190230e+03
   2.4191961e+03
   2.4193882e+03
   2.4195347e+03
   2.4208659e+03
   2.4216612e+03
   2.4217018e+03
   2.4219533e+03
   2.4220873e+03
   2.4221353e+03
   2.4225424e+03
   2.4263149e+03
   2.4271038e+03
   2.4302391e+03
   2.4331457e+03
   2.4337308e+03
   2.4369560e+03
   2.4370473e+03
   2.4370699e+03
   2.4370886e+03
   2.4372975e+03
   2.4373602e+03
   2.4380934e+03
   2.4381302e+03
   2.4385187e+03
   2.4420582e+03
   2.4420942e+03
   2.4422130e+03
   2.4499325e+03
   2.4511932e+03
   2.4512019e+03
   2.4512087e+03
   2.4524782e+03
   2.4552748e+03
   2.4555168e+03
   2.4557464e+03
   2.4558508e+03
   2.4560616e+03
   2.4561631e+03
   2.4561785e+03
   2.4561880e+03
   2.4563042e+03
   2.4591301e+03
   2.4613184e+03
   2.4613653e+03
   2.4653169e+03
   2.4675691e+03
   2.4676885e+03
   2.4677876e+03
   2.4738261e+03
   2.4747017e+03
   2.4747244e+03
   2.4754684e+03
   2.4789632e+03
   2.4819326e+03
   2.4850062e+03
   2.4888373e+03
   2.4891448e+03
   2.4898536e+03
   2.4902882e+03
   2.4924933e+03
   2.4936552e+03
   2.4939841e+03
   2.4951171e+03
   2.5003260e+03
   2.5005513e+03
   2.5006941e+03
   2.5008387e+03
   2.5009130e+03
   2.5009426e+03
   2.5009939e+03
   2.5010134e+03
   2.5011733e+03
   2.5011870e+03
   2.5012000e+03
   2.5012458e+03
   2.5013722e+03
   2.5016336e+03
   2.5018133e+03
   2.5030809e+03
   2.5033000e+03
   2.5038768e+03
   2.5042320e+03
   2.5045218e+03
   2.5058206e+03
   2.5078146e+03
   2.5130537e+03
   2.5137447e+03
   2.5152796e+03
   2.5159449e+03
   2.5183570e+03
   2.5193830e+03
   2.5194010e+03
   2.5194074e+03
   2.5195902e+03
   2.5196143e+03
   2.5197430e+03
   2.5198792e+03
   2.5212897e+03
   2.5214866e+03
   2.5215444e+03
   2.5231852e+03
   2.5245692e+03
   2.5253639e+03
   2.5257403e+03
   2.5264324e+03
   2.5266665e+03
   2.5274589e+03
   2.5331655e+03
   2.5338827e+03
   2.5339047e+03
   2.5342299e+03
   2.5343368e+03
   2.5362910e+03
   2.5377138e+03
   2.5378873e+03
   2.5379258e+03
   2.5380201e+03
   2.5386861e+03
   2.5410504e+03
   2.5410903e+03
   2.5413439e+03
   2.5430502e+03
   2.5441409e+03
   2.5463171e+03
   2.5476466e+03
   2.5478421e+03
   2.5481114e+03
   2.5481989e+03
   2.5487581e+03
   2.5510201e+03
   2.5530327e+03
   2.5540498e+03
   2.5542319e+03
   2.5543700e+03
   2.5546328e+03
   2.5546669e+03
   2.5562337e+03
   2.5580719e+03
   2.5636819e+03
   2.5661843e+03
   2.5669282e+03
   2.5670547e+03
   2.5671696e+03
   2.5675178e+03
   2.5675555e+03
   2.5676889e+03
   2.5687015e+03
   2.5693986e+03
   2.5709358e+03
   2.5714702e+03
   2.5719609e+03
   2.5728744e+03
   2.5773515e+03
   2.5775135e+03
   2.5792667e+03
   2.5794206e+03
   2.5798426e+03
   2.5813868e+03
   2.5816449e+03
   2.5828553e+03
   2.5833153e+03
   2.5845029e+03
   2.5871734e+03
   2.5879594e+03
   2.5891165e+03
   2.5900209e+03
   2.5902815e+03
   2.5907278e+03
   2.5913494e+03
   2.5914628e+03
   2.5917920e+03
   2.5920679e+03
   2.5932745e+03
   2.5943373e+03
   2.5944691e+03
   2.5947110e+03
   2.5951559e+03
   2.5961271e+03
   2.5968864e+03
   2.5978041e+03
   2.5997000e+03
   2.6005550e+03
   2.6035951e+03
   2.6036087e+03
   2.6036522e+03
   2.6046580e+03
   2.6050122e+03
   2.6053787e+03
   2.6111923e+03
   2.6145204e+03
   2.6146658e+03
   2.6152371e+03
   2.6159170e+03
   2.6159428e+03
   2.6160302e+03
   2.6191444e+03
   2.6210550e+03
   2.6257695e+03
   2.6266154e+03
   2.6266789e+03
   2.6269455e+03
   2.6280142e+03
   2.6280502e+03
   2.6282006e+03
   2.6282806e+03
   2.6283650e+03
   2.6283771e+03
   2.6285936e+03
   2.6288521e+03
   2.6289878e+03
   2.6290566e+03
   2.6297991e+03
   2.6300290e+03
   2.6309481e+03
   2.6320165e+03
   2.6322622e+03
   2.6368958e+03
   2.6373223e+03
   2.6391542e+03
   2.6398180e+03
   2.6404880e+03
   2.6427413e+03
   2.6427832e+03
   2.6432505e+03
   2.6439735e+03
   2.6443518e+03
   2.6450326e+03
   2.6450417e+03
   2.6450550e+03
   2.6453465e+03
   2.6454392e+03
   2.6454843e+03
   2.6472709e+03
   2.6480341e+03
   2.6481953e+03
   2.6482732e+03
   2.6497825e+03
   2.6500318e+03
   2.6501116e+03
   2.6501256e+03
   2.6522489e+03
   2.6544155e+03
   2.6602035e+03
   2.6604794e+03
   2.6605015e+03
   2.6605653e+03
   2.6605939e+03
   2.6607341e+03
   2.6607443e+03
   2.6609032e+03
   2.6609868e+03
   2.6610010e+03
   2.6611949e+03
   2.6614120e+03
   2.6620566e+03
   2.6628919e+03
   2.6634569e+03
   2.6651303e+03
   2.6652901e+03
   2.6659720e+03
   2.6662798e+03
   2.6663737e+03
   2.6665761e+03
   2.6673218e+03
   2.6673898e+03
   2.6674461e+03
   2.6704658e+03
   2.6708733e+03
   2.6722109e+03
   2.6752355e+03
   2.6770404e+03
   2.6780295e+03
   2.6781540e+03
   2.6784828e+03
   2.6785032e+03
   2.6785369e+03
   2.6785586e+03
   2.6786604e+03
   2.6786946e+03
   2.6817110e+03
   2.6818153e+03
   2.6828628e+03
   2.6830065e+03
   2.6844241e+03
   2.6846584e+03
   2.6852315e+03
   2.6892440e+03
   2.6893405e+03
   2.6896341e+03
   2.6920150e+03
   2.6921211e+03
   2.6926197e+03
   2.6927139e+03
   2.6927344e+03
   2.6928914e+03
   2.6930191e+03
   2.6946124e+03
   2.6946765e+03
   2.6962571e+03
   2.6980151e+03
   2.6987933e+03
   2.6988103e+03
   2.7018271e+03
   2.7019153e+03
   2.7024853e+03
   2.7026107e+03
   2.7028902e+03
   2.7029911e+03
   2.7039079e+03
   2.7060110e+03
   2.7073903e+03
   2.7090479e+03
   2.7099218e+03
   2.7115714e+03
   2.7119367e+03
   2.7141438e+03
   2.7146967e+03
   2.7165859e+03
   2.7168989e+03
   2.7191788e+03
   2.7215301e+03
   2.7224113e+03
   2.7226233e+03
   2.7226402e+03
   2.7227702e+03
   2.7229082e+03
   2.7232675e+03
   2.7233660e+03
   2.7256074e+03
   2.7270310e+03
   2.7273136e+03
   2.7283479e+03
   2.7284872e+03
   2.7287984e+03
   2.7294308e+03
   2.7295107e+03
   2.7301795e+03
   2.7303169e+03
   2.7303657e+03
   2.7315626e+03
   2.7322909e+03
   2.7324733e+03
   2.7357808e+03
   2.7412701e+03
   2.7457141e+03
   2.7466880e+03
   2.7472049e+03
   2.7473787e+03
   2.7474313e+03
   2.7477441e+03
   2.7484757e+03
   2.7485426e+03
   2.7492631e+03
   2.7497463e+03
   2.7502566e+03
   2.7512948e+03
   2.7539836e+03
   2.7578144e+03
   2.7580697e+03
   2.7595466e+03
   2.7657493e+03
   2.7657635e+03
   2.7659471e+03
   2.7664010e+03
   2.7664801e+03
   2.7665897e+03
   2.7668267e+03
   2.7668540e+03
   2.7669183e+03
   2.7675591e+03
   2.7691873e+03
   2.7696289e+03
   2.7696498e+03
   2.7696588e+03
   2.7729923e+03
   2.7743269e+03
   2.7758361e+03
   2.7779942e+03
   2.7785217e+03
   2.7785687e+03
   2.7794279e+03
   2.7794381e+03
   2.7804075e+03
   2.7812721e+03
   2.7812829e+03
   2.7819352e+03
   2.7825718e+03
   2.7837362e+03
   2.7837492e+03
   2.7838658e+03
   2.7839824e+03
   2.7840186e+03
   2.7892466e+03
   2.7916517e+03
   2.7937382e+03
   2.7948881e+03
   2.7951202e+03
   2.7975818e+03
   2.7984591e+03
   2.7994270e+03
   2.7994695e+03
   2.8004781e+03
   2.8007870e+03
   2.8067391e+03
   2.8099868e+03
   2.8131203e+03
   2.8135793e+03
   2.8138148e+03
   2.8161623e+03
   2.8183926e+03
   2.8185086e+03
   2.8223542e+03
   2.8225745e+03
   2.8239842e+03
   2.8248585e+03
   2.8250776e+03
   2.8250898e+03
   2.8278380e+03
   2.8284023e+03
   2.8287451e+03
   2.8299722e+03
   2.8314054e+03
   2.8314122e+03
   2.8315880e+03
   2.8316481e+03
   2.8330413e+03
   2.8343662e+03
   2.8346252e+03
   2.8346366e+03
   2.8347160e+03
   2.8377193e+03
   2.8381484e+03
   2.8382915e+03
   2.8383272e+03
   2.8384490e+03
   2.8389410e+03
   2.8423209e+03
   2.8439492e+03
   2.8464916e+03
   2.8465271e+03
   2.8504152e+03
   2.8511091e+03
   2.8512065e+03
   2.8516386e+03
   2.8547243e+03
   2.8547398e+03
   2.8583656e+03
   2.8615919e+03
   2.8669954e+03
   2.8760370e+03
   2.8840477e+03
   2.8843261e+03
   2.8846335e+03
   2.8848648e+03
   2.8852274e+03
   2.8852480e+03
   2.8863011e+03
   2.8863365e+03
   2.8864836e+03
   2.8865854e+03
   2.8879327e+03
   2.8901856e+03
   2.8904708e+03
   2.8905187e+03
   2.8905644e+03
   2.8920825e+03
   2.8938859e+03
   2.8948617e+03
   2.8949136e+03
   2.8951534e+03
   2.8951776e+03
   2.8956751e+03
   2.8960882e+03
   2.8966600e+03
   2.8973077e+03
   2.8974950e+03
   2.8977465e+03
   2.8978563e+03
   2.8987000e+03
   2.8992472e+03
   2.8992672e+03
   2.9002697e+03
   2.9004487e+03
   2.9015700e+03
   2.9017363e+03
   2.9019068e+03
   2.9020177e+03
   2.9020923e+03
   2.9022496e+03
   2.9023194e+03
   2.9024805e+03
   2.9026644e+03
   2.9028044e+03
   2.9029656e+03
   2.9031318e+03
   2.9033032e+03
   2.9040761e+03
   2.9043245e+03
   2.9048967e+03
   2.9055055e+03
   2.9062980e+03
   2.9080575e+03
   2.9093460e+03
   2.9096320e+03
   2.9096669e+03
   2.9097302e+03
   2.9098830e+03
   2.9101413e+03
   2.9110909e+03
   2.9127573e+03
   2.9127886e+03
   2.9134345e+03
   2.9134810e+03
   2.9135076e+03
   2.9135182e+03
   2.9143471e+03
   2.9155292e+03
   2.9155845e+03
   2.9160222e+03
   2.9190831e+03
   2.9191721e+03
   2.9193957e+03
   2.9204802e+03
   2.9209819e+03
   2.9211676e+03
   2.9212112e+03
   2.9216251e+03
   2.9217451e+03
   2.9232371e+03
   2.9294239e+03
   2.9295894e+03
   2.9297079e+03
   2.9299291e+03
   2.9301256e+03
   2.9301329e+03
   2.9309007e+03
   2.9320807e+03
   2.9327405e+03
   2.9330238e+03
   2.9336494e+03
   2.9338063e+03
   2.9346832e+03
   2.9349786e+03
   2.9362603e+03
   2.9378980e+03
   2.9383212e+03
   2.9429169e+03
   2.9432527e+03
   2.9445556e+03
   2.9454030e+03
   2.9466194e+03
   2.9467957e+03
   2.9468374e+03
   2.9475394e+03
   2.9475979e+03
   2.9481122e+03
   2.9481480e+03
   2.9482479e+03
   2.9482512e+03
   2.9488831e+03
   2.9504812e+03
   2.9510000e+03
   2.9517813e+03
   2.9523740e+03
   2.9525880e+03
   2.9530393e+03
   2.9536334e+03
   2.9544311e+03
   2.9554829e+03
   2.9569196e+03
   2.9597813e+03
   2.9610565e+03
   2.9621732e+03
   2.9622604e+03
   2.9622671e+03
   2.9625207e+03
   2.9628403e+03
   2.9636196e+03
   2.9636295e+03
   2.9638445e+03
   2.9639261e+03
   2.9655667e+03
   2.9657754e+03
   2.9658690e+03
   2.9663808e+03
   2.9667263e+03
   2.9673845e+03
   2.9675057e+03
   2.9730774e+03
   2.9731833e+03
   2.9739070e+03
   2.9741242e+03
   2.9743630e+03
   2.9745844e+03
   2.9748279e+03
   2.9749167e+03
   2.9751400e+03
   2.9755055e+03
   2.9755667e+03
   2.9756185e+03
   2.9763877e+03
   2.9782263e+03
   2.9783981e+03
   2.9794952e+03
   2.9800338e+03
   2.9821502e+03
   2.9839414e+03
   2.9839571e+03
   2.9840174e+03
   2.9840498e+03
   2.9840625e+03
   2.9840729e+03
   2.9861852e+03
   2.9865385e+03
   2.9866510e+03
   2.9899688e+03
   2.9913938e+03
   2.9925380e+03
   2.9939245e+03
   2.9955579e+03
   2.9971005e+03
   2.9982489e+03
   2.9994375e+03
   2.9995260e+03
   3.0001600e+03
   3.0015736e+03
   3.0024150e+03
   3.0026342e+03
   3.0046651e+03
   3.0055126e+03
   3.0058980e+03
   3.0070812e+03
   3.0071939e+03
   3.0072943e+03
   3.0073068e+03
   3.0076797e+03
   3.0079304e+03
   3.0082072e+03
   3.0083496e+03
   3.0087203e+03
   3.0088333e+03
   3.0088385e+03
   3.0092007e+03
   3.0100771e+03
   3.0101027e+03
   3.0101934e+03
   3.0113443e+03
   3.0114287e+03
   3.0115114e+03
   3.0115451e+03
   3.0118185e+03
   3.0124832e+03
   3.0128984e+03
   3.0132113e+03
   3.0133399e+03
   3.0135188e+03
   3.0141832e+03
   3.0144109e+03
   3.0145007e+03
   3.0149538e+03
   3.0149649e+03
   3.0247125e+03
   3.0267569e+03
   3.0268735e+03
   3.0276059e+03
   3.0287809e+03
   3.0294651e+03
   3.0297123e+03
   3.0298095e+03
   3.0311359e+03
   3.0313990e+03
   3.0318637e+03
   3.0319931e+03
   3.0345394e+03
   3.0345546e+03
   3.0346368e+03
   3.0368762e+03
   3.0371552e+03
   3.0371817e+03
   3.0372082e+03
   3.0395005e+03
   3.0395982e+03
   3.0425258e+03
   3.0426752e+03
   3.0437930e+03
   3.0440413e+03
   3.0441143e+03
   3.0444313e+03
   3.0444520e+03
   3.0449699e+03
   3.0453054e+03
   3.0455421e+03
   3.0468171e+03
   3.0478632e+03
   3.0485658e+03
   3.0513491e+03
   3.0524383e+03
   3.0529309e+03
   3.0538964e+03
   3.0557009e+03
   3.0562891e+03
   3.0577683e+03
   3.0584832e+03
   3.0585296e+03
   3.0586274e+03
   3.0608392e+03
   3.0609915e+03
   3.0614128e+03
   3.0648884e+03
   3.0663067e+03
   3.0666000e+03
   3.0679878e+03
   3.0681871e+03
   3.0683214e+03
   3.0686872e+03
   3.0739200e+03
   3.0741294e+03
   3.0755587e+03
   3.0757727e+03
   3.0758013e+03
   3.0762079e+03
   3.0780724e+03
   3.0849360e+03
   3.0849621e+03
   3.0853183e+03
   3.0853893e+03
   3.0854276e+03
   3.0856589e+03
   3.0870226e+03
   3.0880734e+03
   3.0882592e+03
   3.0911411e+03
   3.0922960e+03
   3.0923949e+03
   3.0924545e+03
   3.0927293e+03
   3.0928345e+03
   3.0928587e+03
   3.0928895e+03
   3.0928971e+03
   3.0930406e+03
   3.0930443e+03
   3.0930486e+03
   3.0931707e+03
   3.0932779e+03
   3.0932843e+03
   3.0934515e+03
   3.0938655e+03
   3.0942138e+03
   3.0942451e+03
   3.0942632e+03
   3.0943533e+03
   3.0944200e+03
   3.0945331e+03
   3.0949032e+03
   3.0951724e+03
   3.0952702e+03
   3.0953027e+03
   3.0953218e+03
   3.0953440e+03
   3.0953988e+03
   3.0960197e+03
   3.0969565e+03
   3.0983392e+03
   3.1002168e+03
   3.1002888e+03
   3.1003297e+03
   3.1003389e+03
   3.1008827e+03
   3.1013857e+03
   3.1037038e+03
   3.1044842e+03
   3.1058459e+03
   3.1063185e+03
   3.1065747e+03
   3.1071598e+03
   3.1101382e+03
   3.1142330e+03
   3.1142640e+03
   3.1143236e+03
   3.1143325e+03
   3.1143421e+03
   3.1143458e+03
   3.1145387e+03
   3.1173363e+03
   3.1198939e+03
   3.1203403e+03
   3.1204297e+03
   3.1209055e+03
   3.1209780e+03
   3.1214628e+03
   3.1218238e+03
   3.1220714e+03
   3.1222785e+03
   3.1226406e+03
   3.1229289e+03
   3.1230544e+03
   3.1235532e+03
   3.1258969e+03
   3.1265908e+03
   3.1275771e+03
   3.1279750e+03
   3.1280317e+03
   3.1281036e+03
   3.1283089e+03
   3.1284025e+03
   3.1284146e+03
   3.1285105e+03
   3.1285567e+03
   3.1286867e+03
   3.1287153e+03
   3.1287593e+03
   3.1288333e+03
   3.1288683e+03
   3.1323061e+03
   3.1324121e+03
   3.1336868e+03
   3.1388292e+03
   3.1411482e+03
   3.1418182e+03
   3.1420404e+03
   3.1421291e+03
   3.1424310e+03
   3.1432614e+03
   3.1460997e+03
   3.1465473e+03
   3.1467864e+03
   3.1475001e+03
   3.1482212e+03
   3.1501818e+03
   3.1502276e+03
   3.1515889e+03
   3.1515959e+03
   3.1516374e+03
   3.1524149e+03
   3.1535612e+03
   3.1551649e+03
   3.1558792e+03
   3.1558987e+03
   3.1635141e+03
   3.1650808e+03
   3.1650961e+03
   3.1672718e+03
   3.1678894e+03
   3.1679975e+03
   3.1681629e+03
   3.1681791e+03
   3.1683085e+03
   3.1683471e+03
   3.1687095e+03
   3.1687472e+03
   3.1687779e+03
   3.1687930e+03
   3.1690273e+03
   3.1692608e+03
   3.1692704e+03
   3.1698976e+03
   3.1699880e+03
   3.1710290e+03
   3.1718808e+03
   3.1729093e+03
   3.1763524e+03
   3.1773618e+03
   3.1783169e+03
   3.1864997e+03
   3.1868787e+03
   3.1893936e+03
   3.1966670e+03
   3.1983958e+03
   3.1985682e+03
   3.2088899e+03
   3.2100015e+03
   3.2109410e+03
   3.2112093e+03
   3.2116227e+03
   3.2143846e+03
   3.2149398e+03
   3.2162552e+03
   3.2170700e+03
   3.2172668e+03
   3.2332988e+03
   3.2334017e+03
   3.2351593e+03
   3.2352031e+03
   3.2369268e+03
   3.2371244e+03
   3.2372546e+03
   3.2388374e+03
   3.2388421e+03
   3.2388729e+03
   3.2390310e+03
   3.2391101e+03
   3.2392026e+03
   3.2393085e+03
   3.2416703e+03
   3.2417832e+03
   3.2428084e+03
   3.2456834e+03
   3.2457511e+03
   3.2464966e+03
   3.2465181e+03
   3.2465900e+03
   3.2467486e+03
   3.2468361e+03
   3.2469803e+03
   3.2472030e+03
   3.2472423e+03
   3.2473711e+03
   3.2473775e+03
   3.2473913e+03
   3.2480741e+03
   3.2482367e+03
   3.2482513e+03
   3.2487007e+03
   3.2522257e+03
   3.2534062e+03
   3.2534354e+03
   3.2541305e+03
   3.2553558e+03
   3.2590050e+03
   3.2597820e+03
   3.2601278e+03
   3.2690581e+03
   3.2725028e+03
   3.2728788e+03
   3.2737415e+03
   3.2766711e+03
   3.2767579e+03
   3.2794803e+03
   3.2796443e+03
   3.2827270e+03
   3.2828429e+03
   3.2828628e+03
   3.2830253e+03
   3.2831509e+03
   3.2831838e+03
   3.2833032e+03
   3.2838794e+03
   3.2846898e+03
   3.2854331e+03
   3.2859182e+03
   3.2859252e+03
   3.2860669e+03
   3.2891004e+03
   3.2894659e+03
   3.2915134e+03
   3.2915768e+03
   3.2956842e+03
   3.3009718e+03
   3.3015428e+03
   3.3016548e+03
   3.3017663e+03
   3.3021800e+03
   3.3023611e+03
   3.3023652e+03
   3.3039593e+03
   3.3041616e+03
   3.3042857e+03
   3.3043785e+03
   3.3043978e+03
   3.3044200e+03
   3.3044932e+03
   3.3045483e+03
   3.3046553e+03
   3.3046720e+03
   3.3046872e+03
   3.3046970e+03
   3.3049059e+03
   3.3051298e+03
   3.3051571e+03
   3.3051690e+03
   3.3052891e+03
   3.3063009e+03
   3.3074007e+03
   3.3080618e+03
   3.3112760e+03
   3.3167736e+03
   3.3179383e+03
   3.3189581e+03
   3.3193116e+03
   3.3193771e+03
   3.3193998e+03
   3.3194145e+03
   3.3198673e+03
   3.3200334e+03
   3.3201866e+03
   3.3206059e+03
   3.3206520e+03
   3.3208768e+03
   3.3214673e+03
   3.3214901e+03
   3.3240348e+03
   3.3250525e+03
   3.3250698e+03
   3.3250842e+03
   3.3251050e+03
   3.3251541e+03
   3.3259138e+03
   3.3263491e+03
   3.3270630e+03
   3.3271818e+03
   3.3273007e+03
   3.3274003e+03
   3.3274851e+03
   3.3280896e+03
   3.3285550e+03
   3.3292404e+03
   3.3322899e+03
   3.3345721e+03
   3.3346798e+03
   3.3346901e+03
   3.3348387e+03
   3.3349841e+03
   3.3350806e+03
   3.3350947e+03
   3.3352024e+03
   3.3352797e+03
   3.3364068e+03
   3.3364217e+03
   3.3372231e+03
   3.3373605e+03
   3.3451859e+03
   3.3463563e+03
   3.3469538e+03
   3.3514979e+03
   3.3531975e+03
   3.3537697e+03
   3.3559450e+03
   3.3572164e+03
   3.3577882e+03
   3.3583889e+03
   3.3589766e+03
   3.3589911e+03
   3.3592455e+03
   3.3592522e+03
   3.3594391e+03
   3.3615468e+03
   3.3652157e+03
   3.3652530e+03
   3.3652847e+03
   3.3658784e+03
   3.3660291e+03
   3.3704419e+03
   3.3709137e+03
   3.3722903e+03
   3.3723980e+03
   3.3724089e+03
   3.3724147e+03
   3.3734853e+03
   3.3753686e+03
   3.3755664e+03
   3.3758111e+03
   3.3759315e+03
   3.3767528e+03
   3.3771386e+03
   3.3771522e+03
   3.3795198e+03
   3.3796428e+03
   3.3796586e+03
   3.3796801e+03
   3.3799219e+03
   3.3800912e+03
   3.3809751e+03
   3.3810006e+03
   3.3811807e+03
   3.3812429e+03
   3.3817338e+03
   3.3818285e+03
   3.3844454e+03
   3.3846899e+03
   3.3850289e+03
   3.3865293e+03
   3.3872371e+03
   3.3879040e+03
   3.3898489e+03
   3.3912770e+03
   3.3925220e+03
   3.3941423e+03
   3.3970251e+03
   3.3990522e+03
   3.4061453e+03
   3.4107445e+03
   3.4110421e+03
   3.4115272e+03
   3.4119651e+03
   3.4119684e+03
   3.4120005e+03
   3.4138407e+03
   3.4153676e+03
   3.4161917e+03
   3.4170922e+03
   3.4177036e+03
   3.4180008e+03
   3.4217193e+03
   3.4251409e+03
   3.4277819e+03
   3.4287730e+03
   3.4302458e+03
   3.4305938e+03
   3.4352219e+03
   3.4355740e+03
   3.4361039e+03
   3.4375737e+03
   3.4377908e+03
   3.4377972e+03
   3.4378177e+03
   3.4380404e+03
   3.4380687e+03
   3.4381500e+03
   3.4399880e+03
   3.4403304e+03
   3.4404719e+03
   3.4417427e+03
   3.4417497e+03
   3.4420993e+03
   3.4426727e+03
   3.4426809e+03
   3.4426946e+03
   3.4432206e+03
   3.4437495e+03
   3.4439508e+03
   3.4454817e+03
   3.4458683e+03
   3.4461233e+03
   3.4466984e+03
   3.4468121e+03
   3.4470853e+03
   3.4475493e+03
   3.4476732e+03
   3.4476904e+03
   3.4534518e+03
   3.4534643e+03
   3.4551283e+03
   3.4552042e+03
   3.4557085e+03
   3.4562513e+03
   3.4622221e+03
   3.4622469e+03
   3.4623196e+03
   3.4661813e+03
   3.4666524e+03
   3.4673776e+03
   3.4674732e+03
   3.4715786e+03
   3.4716003e+03
   3.4716346e+03
   3.4716678e+03
   3.4746043e+03
   3.4748760e+03
   3.4757055e+03
   3.4758683e+03
   3.4758899e+03
   3.4770205e+03
   3.4774233e+03
   3.4806207e+03
   3.4842222e+03
   3.4845143e+03
   3.4850493e+03
   3.4850837e+03
   3.4872760e+03
   3.4897319e+03
   3.4897631e+03
   3.4900306e+03
   3.4919031e+03
   3.4928681e+03
   3.4928753e+03
   3.4933482e+03
   3.4934126e+03
   3.4935244e+03
   3.4937625e+03
   3.4938922e+03
   3.4939027e+03
   3.4948619e+03
   3.4949866e+03
   3.4951280e+03
   3.4951399e+03
   3.4953461e+03
   3.4958910e+03
   3.4972446e+03
   3.4974687e+03
   3.4984143e+03
   3.4985027e+03
   3.5002256e+03
   3.5005040e+03
   3.5008420e+03
   3.5008891e+03
   3.5009029e+03
   3.5010273e+03
   3.5011534e+03
   3.5019328e+03
   3.5019973e+03
   3.5020547e+03
   3.5022846e+03
   3.5053326e+03
   3.5075541e+03
   3.5102135e+03
   3.5125082e+03
   3.5125480e+03
   3.5137448e+03
   3.5164651e+03
   3.5222720e+03
   3.5227690e+03
   3.5249581e+03
   3.5269582e+03
   3.5309606e+03
   3.5404810e+03
   3.5439290e+03
   3.5446396e+03
   3.5446523e+03
   3.5470689e+03
   3.5475112e+03
   3.5476522e+03
   3.5480383e+03
   3.5480604e+03
   3.5480698e+03
   3.5480800e+03
   3.5480854e+03
